Time, Kinetic Energy, Potential Energy, Total Energy
0.0, 4.8, -218.84493419924505, -214.04493419924503
0.01, 4.835294684392992, -218.99694991968605, -214.16165523529304
0.02, 4.7557285251083306, -218.9165327756461, -214.16080425053775
0.03, 4.459127737747238, -218.61767914080733, -214.15855140306007
0.04, 3.982610504924119, -218.13767015492834, -214.15505965000423
0.05, 3.3841962160933603, -217.53477741838856, -214.1505812022952
0.060000000000000005, 2.737542013877233, -216.88310297927848, -214.14556096540124
0.07, 2.123119640352782, -216.26388982240778, -214.140770182055
0.08, 1.6187883796715612, -215.75607541211068, -214.1372870324391
0.09, 1.2852020503954609, -215.4203755082156, -214.13517345782014
0.09999999999999999, 1.1503975210070356, -215.28613976659852, -214.1357422455915
0.10999999999999999, 1.2090678019831231, -215.34702715461853, -214.13795935263542
0.11999999999999998, 1.426645150223229, -215.5684823237875, -214.14183717356426
0.12999999999999998, 1.7564790913061885, -215.9029418237513, -214.14646273244512
0.13999999999999999, 2.1374187833951073, -216.2881052193854, -214.15068643599028
0.15, 2.5037361282329864, -216.65816299411017, -214.15442686587718
0.16, 2.8149643437395926, -216.97138257544978, -214.15641823171018
0.17, 3.0468750845982244, -217.20462759573607, -214.15775251113786
0.18000000000000002, 3.2014161527706713, -217.3587302831236, -214.15731413035294
0.19000000000000003, 3.2951918876335196, -217.4512872051226, -214.1560953174891
0.20000000000000004, 3.32970035718171, -217.48074121584128, -214.15104085865957
0.21000000000000005, 3.303661776738659, -217.45057010699028, -214.14690833025162
0.22000000000000006, 3.233215207145862, -217.37945424806145, -214.1462390409156
0.23000000000000007, 3.125842396618267, -217.27069960958343, -214.14485721296518
0.24000000000000007, 2.9914243460392345, -217.13626730182665, -214.14484295578742
0.25000000000000006, 2.8386532225881798, -216.9815992221926, -214.14294599960442
0.26000000000000006, 2.673855834870103, -216.8177689728874, -214.1439131380173
0.2700000000000001, 2.520611330700152, -216.66364233797478, -214.14303100727463
0.2800000000000001, 2.3927300686323907, -216.53455199760967, -214.14182192897727
0.2900000000000001, 2.304390125385775, -216.44707110014627, -214.1426809747605
0.3000000000000001, 2.2733290065827876, -216.41507538313712, -214.14174637655432
0.3100000000000001, 2.3122235095165293, -216.46018917124138, -214.14796566172484
0.3200000000000001, 2.4239530692401994, -216.57589479100744, -214.15194172176723
0.3300000000000001, 2.5911734527492416, -216.74335842834515, -214.1521849755959
0.34000000000000014, 2.7955087925673103, -216.9466675952528, -214.15115880268547
0.35000000000000014, 3.0165967254457065, -217.1689244006987, -214.152327675253
0.36000000000000015, 3.2323235441045726, -217.3799551379351, -214.14763159383054
0.37000000000000016, 3.422783886028549, -217.57464622083293, -214.15186233480438
0.38000000000000017, 3.5533250628106217, -217.7085772347986, -214.155252171988
0.3900000000000002, 3.596611634598532, -217.75246727140384, -214.1558556368053
0.4000000000000002, 3.5596186290043903, -217.7198305265163, -214.16021189751189
0.4100000000000002, 3.453000121476182, -217.60828046553493, -214.15528034405875
0.4200000000000002, 3.2963051367104406, -217.44464389003804, -214.1483387533276
0.4300000000000002, 3.1341769121634906, -217.26996392679615, -214.13578701463265
0.4400000000000002, 2.992432266374174, -217.1278881982372, -214.13545593186302
0.45000000000000023, 2.8915526498914588, -217.0310379724663, -214.13948532257484
0.46000000000000024, 2.853183440492166, -216.99010574824914, -214.13692230775698
0.47000000000000025, 2.8771488297922154, -217.011489075697, -214.13434024590478
0.48000000000000026, 2.9456798789858523, -217.08211288117246, -214.1364330021866
0.49000000000000027, 3.0264419043185806, -217.165761107075, -214.13931920275644
0.5000000000000002, 3.1051811715529753, -217.23884159764404, -214.13366042609107
0.5100000000000002, 3.1652587331925304, -217.3026779144518, -214.13741918125928
0.5200000000000002, 3.1848974208010454, -217.31888477130207, -214.13398735050103
0.5300000000000002, 3.1633196399635173, -217.29619695335955, -214.13287731339605
0.5400000000000003, 3.1087557074380574, -217.24659256407116, -214.1378368566331
0.5500000000000003, 3.0202823969425836, -217.15911217488048, -214.1388297779379
0.5600000000000003, 2.8981068044332967, -217.0401400144872, -214.1420332100539
0.5700000000000003, 2.7539232176921913, -216.89180497407514, -214.13788175638294
0.5800000000000003, 2.6062466714741874, -216.74177190735475, -214.13552523588055
0.5900000000000003, 2.479525233220389, -216.61313093251692, -214.13360569929654
0.6000000000000003, 2.395979745458341, -216.52676431814876, -214.13078457269043
0.6100000000000003, 2.375839950581857, -216.511107495715, -214.13526754513316
0.6200000000000003, 2.4260131274941927, -216.56198733425725, -214.13597420676305
0.6300000000000003, 2.5384814713955994, -216.67762384751418, -214.13914237611857
0.6400000000000003, 2.6953478929278436, -216.83505407072371, -214.13970617779586
0.6500000000000004, 2.86668225155132, -217.00901415042748, -214.14233189887617
0.6600000000000004, 3.017993866121294, -217.16305282681188, -214.1450589606906
0.6700000000000004, 3.1250177791607787, -217.27067880168426, -214.14566102252348
0.6800000000000004, 3.1730841805229493, -217.3174925657215, -214.14440838519855
0.6900000000000004, 3.151002981682207, -217.29475426371818, -214.14375128203596
0.7000000000000004, 3.0670497791613673, -217.20948837402528, -214.1424385948639
0.7100000000000004, 2.9359830230757598, -217.07665888860274, -214.140675865527
0.7200000000000004, 2.774657210090567, -216.9137171920476, -214.13905998195705
0.7300000000000004, 2.6147410845767576, -216.755005621004, -214.14026453642722
0.7400000000000004, 2.4855636924544395, -216.62723976318594, -214.1416760707315
0.7500000000000004, 2.4143241281496297, -216.55844514113366, -214.14412101298404
0.7600000000000005, 2.4065801570385053, -216.54954961521392, -214.1429694581754
0.7700000000000005, 2.458162273130839, -216.60809726380953, -214.14993499067867
0.7800000000000005, 2.5609762149750623, -216.7095080815403, -214.14853186656524
0.7900000000000005, 2.6866113687674984, -216.83601394809781, -214.1494025793303
0.8000000000000005, 2.821467478171534, -216.96840532550544, -214.1469378473339
0.8100000000000005, 2.9420950786405133, -217.08998571326694, -214.14789063462644
0.8200000000000005, 3.0220293836473187, -217.1700859438102, -214.14805656016287
0.8300000000000005, 3.0680571936088286, -217.22138562772935, -214.1533284341205
0.8400000000000005, 3.0903544705255475, -217.2415205451689, -214.15116607464336
0.8500000000000005, 3.0999718912966543, -217.25016602044505, -214.1501941291484
0.8600000000000005, 3.1291057463248015, -217.26406479702644, -214.13495905070164
0.8700000000000006, 3.177591603666902, -217.31435597568068, -214.13676437201377
0.8800000000000006, 3.2294469178255545, -217.36144359385668, -214.13199667603112
0.8900000000000006, 3.282196321810158, -217.41545166363915, -214.133255341829
0.9000000000000006, 3.326237728479625, -217.46210142359138, -214.13586369511177
0.9100000000000006, 3.3532089161369565, -217.48795856357114, -214.13474964743418
0.9200000000000006, 3.3566483440992965, -217.48276319036034, -214.12611484626106
0.9300000000000006, 3.3296444640461176, -217.45465933610802, -214.1250148720619
0.9400000000000006, 3.270297256824593, -217.39573773478313, -214.12544047795853
0.9500000000000006, 3.1766534096917347, -217.29959427379606, -214.12294086410432
0.9600000000000006, 3.0558790858270437, -217.17811171046586, -214.12223262463883
0.9700000000000006, 2.938970785287887, -217.061650966929, -214.1226801816411
0.9800000000000006, 2.8363519685980267, -216.95104441417521, -214.1146924455772
0.9900000000000007, 2.7421958604282093, -216.8583291450473, -214.11613328461908
1.0000000000000007, 2.658864176102728, -216.77294245020994, -214.11407827410721
1.0100000000000007, 2.5916804090560293, -216.70402635456924, -214.1123459455132
1.0200000000000007, 2.5509324335408747, -216.66479729626042, -214.11386486271954
1.0300000000000007, 2.5478110950426833, -216.6620382842834, -214.11422718924072
1.0400000000000007, 2.5901466809844798, -216.6994188618064, -214.10927218082193
1.0500000000000007, 2.674866632988569, -216.7859040390349, -214.11103740604634
1.0600000000000007, 2.7940431212294428, -216.9034151743272, -214.10937205309776
1.0700000000000007, 2.951781598670449, -217.05254214670134, -214.1007605480309
1.0800000000000007, 3.1186795968594483, -217.22359106960056, -214.10491147274112
1.0900000000000007, 3.2573282234229586, -217.36786702175345, -214.1105387983305
1.1000000000000008, 3.350374109204636, -217.45833507006063, -214.107960960856
1.1100000000000008, 3.380211453176397, -217.49085347756795, -214.11064202439155
1.1200000000000008, 3.342504301499106, -217.45068381176856, -214.10817951026945
1.1300000000000008, 3.249004890464046, -217.35039309558354, -214.1013882051195
1.1400000000000008, 3.1076119910338575, -217.20816984148962, -214.10055785045577
1.1500000000000008, 2.9328805470127, -217.03167180687538, -214.09879125986268
1.1600000000000008, 2.7478210858752115, -216.84483554869996, -214.09701446282475
1.1700000000000008, 2.5715884500800814, -216.66655594945217, -214.0949674993721
1.1800000000000008, 2.421250529380584, -216.51583073518535, -214.09458020580476
1.1900000000000008, 2.3122478681020797, -216.40624900318358, -214.0940011350815
1.2000000000000008, 2.258398050702913, -216.34969225473833, -214.09129420403542
1.2100000000000009, 2.260986364644356, -216.3540665124507, -214.09308014780632
1.2200000000000009, 2.312375699585173, -216.4045607566692, -214.09218505708404
1.2300000000000009, 2.406884814589284, -216.49824401704853, -214.09135920245924
1.2400000000000009, 2.5369820886065524, -216.6301119670743, -214.09312987846775
1.2500000000000009, 2.6922903639170443, -216.78139918236474, -214.0891088184477
1.260000000000001, 2.8669209631360513, -216.95765351680942, -214.09073255367338
1.270000000000001, 3.0483197577673176, -217.13533387154695, -214.08701411377962
1.280000000000001, 3.2280200470026714, -217.31395353193233, -214.08593348492965
1.290000000000001, 3.3921350148190417, -217.47794826206348, -214.08581324724443
1.300000000000001, 3.525158037619126, -217.61284756089395, -214.08768952327483
1.310000000000001, 3.625568914113626, -217.71515634469034, -214.08958743057673
1.320000000000001, 3.6798916148256824, -217.77352694725462, -214.09363533242893
1.330000000000001, 3.6862062459128815, -217.78652466939008, -214.1003184234772
1.340000000000001, 3.642415532912427, -217.7452111991215, -214.1027956662091
1.350000000000001, 3.5305831127895226, -217.63176228518358, -214.10117917239407
1.360000000000001, 3.3606560831010697, -217.46251961206278, -214.1018635289617
1.370000000000001, 3.155589388617207, -217.25314281432927, -214.09755342571205
1.380000000000001, 2.9594276916356708, -217.04918178747184, -214.08975409583616
1.390000000000001, 2.8195529191940523, -216.90358785323187, -214.08403493403782
1.400000000000001, 2.7483243040966423, -216.83187585993284, -214.08355155583618
1.410000000000001, 2.732606761747694, -216.81755471070656, -214.08494794895887
1.420000000000001, 2.754805005118436, -216.8447912106618, -214.08998620554337
1.430000000000001, 2.803307618022909, -216.89625441042872, -214.09294679240583
1.440000000000001, 2.8529824855241337, -216.94964154359926, -214.09665905807512
1.450000000000001, 2.8839377016572607, -216.97642028851874, -214.09248258686148
1.460000000000001, 2.8895300765155407, -216.97879765455383, -214.0892675780383
1.470000000000001, 2.863193761846079, -216.95146836556225, -214.08827460371617
1.480000000000001, 2.8125679228219367, -216.8950723327045, -214.08250440988257
1.490000000000001, 2.751916332886839, -216.831288979766, -214.07937264687914
1.500000000000001, 2.695420263183311, -216.76921148542948, -214.07379122224617
1.5100000000000011, 2.6496922572272785, -216.7214373331012, -214.0717450758739
1.5200000000000011, 2.618547661765451, -216.6918338240908, -214.07328616232533
1.5300000000000011, 2.616219156650248, -216.68814750315767, -214.0719283465074
1.5400000000000011, 2.649052135425723, -216.7209940123306, -214.07194187690487
1.5500000000000012, 2.7119635780875138, -216.78251018983227, -214.07054661174476
1.5600000000000012, 2.7942234004864908, -216.86575482842255, -214.07153142793607
1.5700000000000012, 2.8898970468151495, -216.9653382424524, -214.07544119563724
1.5800000000000012, 2.9856093726646185, -217.0611084435017, -214.07549907083708
1.5900000000000012, 3.069948699530136, -217.1418669824783, -214.07191828294816
1.6000000000000012, 3.1421559740978937, -217.21156485311934, -214.06940887902144
1.6100000000000012, 3.1940392507518967, -217.2580019966481, -214.0639627458962
1.6200000000000012, 3.2273764821333923, -217.29373846588686, -214.06636198375347
1.6300000000000012, 3.231493043202161, -217.29527576416177, -214.0637827209596
1.6400000000000012, 3.198168185571279, -217.26062745930636, -214.06245927373507
1.6500000000000012, 3.1406171809632433, -217.2035941667268, -214.06297698576356
1.6600000000000013, 3.0754151903349554, -217.1374798297456, -214.06206463941064
1.6700000000000013, 3.011356628775899, -217.0734303936723, -214.0620737648964
1.6800000000000013, 2.956672506635265, -217.02049857824645, -214.06382607161117
1.6900000000000013, 2.915095572533993, -216.97548642932085, -214.06039085678685
1.7000000000000013, 2.8852519385400344, -216.93956833833894, -214.05431639979892
1.7100000000000013, 2.8552683663592275, -216.9102042247533, -214.05493585839406
1.7200000000000013, 2.8187231968833553, -216.87313603856668, -214.05441284168333
1.7300000000000013, 2.792229168959241, -216.8465787740464, -214.05434960508717
1.7400000000000013, 2.7773439317038977, -216.83093618147214, -214.05359224976823
1.7500000000000013, 2.7815925657045577, -216.8398790522948, -214.05828648659025
1.7600000000000013, 2.818661749606667, -216.8755503900699, -214.05688864046323
1.7700000000000014, 2.885378425818389, -216.9459969636191, -214.0606185378007
1.7800000000000014, 2.9766403548820555, -217.03953404975476, -214.0628936948727
1.7900000000000014, 3.0838614932075252, -217.14645964387157, -214.06259815066403
1.8000000000000014, 3.2005559957251095, -217.27182930529582, -214.07127330957073
1.8100000000000014, 3.3034080101029764, -217.37570278025274, -214.07229477014977
1.8200000000000014, 3.3688796696998247, -217.44620404024576, -214.07732437054594
1.8300000000000014, 3.401871111285452, -217.475532095966, -214.07366098468054
1.8400000000000014, 3.4119097106594847, -217.49641392177534, -214.08450421111587
1.8500000000000014, 3.3834407731922185, -217.4697717235049, -214.08633095031269
1.8600000000000014, 3.3047866306788354, -217.39078757098602, -214.08600094030717
1.8700000000000014, 3.1884843871664414, -217.27186237663858, -214.08337798947213
1.8800000000000014, 3.0479273828097293, -217.131768016997, -214.08384063418728
1.8900000000000015, 2.896107064406239, -216.979450155718, -214.08334309131178
1.9000000000000015, 2.7424247995082465, -216.82596641272562, -214.08354161321736
1.9100000000000015, 2.608492386288351, -216.69102789782303, -214.08253551153467
1.9200000000000015, 2.5184723421067257, -216.59950193543276, -214.08102959332604
1.9300000000000015, 2.486050381951422, -216.56658212301204, -214.0805317410606
1.9400000000000015, 2.517316043058266, -216.6001258726041, -214.08280982954585
1.9500000000000015, 2.601246118299174, -216.6835195622138, -214.08227344391463
1.9600000000000015, 2.707782150566847, -216.79071821769244, -214.0829360671256
1.9700000000000015, 2.8095931626490107, -216.8936606852598, -214.08406752261078
1.9800000000000015, 2.895007649234801, -216.9857611171854, -214.0907534679506
1.9900000000000015, 2.947916389862361, -217.03762905362726, -214.08971266376489
2.0000000000000013, 2.9476388110921907, -217.03862885405007, -214.09099004295788
2.010000000000001, 2.8982060047343747, -216.98886839416056, -214.0906623894262
2.020000000000001, 2.812039458743897, -216.89945139081567, -214.08741193207177
2.0300000000000007, 2.7010355611874015, -216.78676800198937, -214.08573244080196
2.0400000000000005, 2.593098881396217, -216.6792749907775, -214.08617610938126
2.0500000000000003, 2.5218190370093403, -216.60496239515734, -214.083143358148
2.06, 2.5058683309410092, -216.58927444609907, -214.08340611515806
2.07, 2.5558043693742944, -216.63956144103295, -214.08375707165865
2.0799999999999996, 2.6694142220205435, -216.75447778502442, -214.08506356300387
2.0899999999999994, 2.830998354944572, -216.91921924367892, -214.08822088873436
2.099999999999999, 3.022430291584444, -217.1196430021668, -214.09721271058237
2.109999999999999, 3.2133395120342163, -217.31073958175054, -214.09740006971631
2.1199999999999988, 3.3700929394253745, -217.46661611232037, -214.096523172895
2.1299999999999986, 3.458252467153694, -217.55458752147865, -214.09633505432495
2.1399999999999983, 3.4696887425279535, -217.56881548492973, -214.09912674240178
2.149999999999998, 3.4160776209880237, -217.51833488605624, -214.1022572650682
2.159999999999998, 3.307849390586066, -217.4107499261518, -214.10290053556574
2.1699999999999977, 3.163869605973581, -217.26217685820959, -214.098307252236
2.1799999999999975, 3.0098076703041095, -217.10888618541998, -214.09907851511588
2.1899999999999973, 2.8711925556248996, -216.96841067181822, -214.09721811619332
2.199999999999997, 2.7764770839580017, -216.87047796805493, -214.0940008840969
2.209999999999997, 2.7381067864079447, -216.8326130710846, -214.09450628467667
2.2199999999999966, 2.752379048150452, -216.84653927861882, -214.09416023046836
2.2299999999999964, 2.8153770919837324, -216.9196332107397, -214.10425611875598
2.239999999999996, 2.91664816243241, -217.01964426347664, -214.10299610104423
2.249999999999996, 3.026882066792237, -217.1336191008011, -214.10673703400886
2.259999999999996, 3.111513564952971, -217.22068295705932, -214.10916939210637
2.2699999999999956, 3.1605422360954294, -217.26868701797235, -214.10814478187692
2.2799999999999954, 3.175048193061231, -217.2883203049145, -214.11327211185326
2.289999999999995, 3.162655837268471, -217.27269160959582, -214.11003577232736
2.299999999999995, 3.136838205074125, -217.2431232996745, -214.10628509460037
2.3099999999999947, 3.1005066899211946, -217.201385982789, -214.1008792928678
2.3199999999999945, 3.057777276621808, -217.15193477100158, -214.09415749437977
2.3299999999999943, 3.00959354530145, -217.10604601098734, -214.0964524656859
2.339999999999994, 2.953479274655813, -217.04962436439965, -214.09614508974383
2.349999999999994, 2.890391553564718, -216.98632039871774, -214.09592884515303
2.3599999999999937, 2.8277461572626232, -216.92253048718422, -214.0947843299216
2.3699999999999934, 2.783631625425395, -216.87736049176107, -214.09372886633568
2.3799999999999932, 2.7723231703331015, -216.86546148896, -214.0931383186269
2.389999999999993, 2.7939319845515724, -216.88759582165224, -214.09366383710068
2.399999999999993, 2.8296924930043916, -216.9238107978132, -214.0941183048088
2.4099999999999926, 2.8676672174041804, -216.9617130070211, -214.09404578961693
2.4199999999999924, 2.8990979182232812, -216.9963631422313, -214.09726522400803
2.429999999999992, 2.9076834986534665, -217.00675759480475, -214.0990740961513
2.439999999999992, 2.897652356173992, -216.99415425626609, -214.0965019000921
2.4499999999999917, 2.870317692867768, -216.96573133230396, -214.0954136394362
2.4599999999999915, 2.8222479262772535, -216.916720024781, -214.09447209850376
2.4699999999999913, 2.768803329322998, -216.86378362413348, -214.09498029481048
2.479999999999991, 2.720581313393773, -216.81535576283676, -214.09477444944298
2.489999999999991, 2.688114642283569, -216.7814759929565, -214.09336135067292
2.4999999999999907, 2.6768175034992967, -216.76750956543478, -214.09069206193547
2.5099999999999905, 2.6889084868269513, -216.777064940083, -214.08815645325603
2.5199999999999902, 2.7281628955565713, -216.8166605353613, -214.08849763980473
2.52999999999999, 2.7990303987885627, -216.88219309772168, -214.0831626989331
2.53999999999999, 2.9031145801942944, -216.97986104163925, -214.07674646144497
2.5499999999999896, 3.025988390979893, -217.10084073703848, -214.07485234605858
2.5599999999999894, 3.155770701996399, -217.22927468528243, -214.07350398328603
2.569999999999989, 3.2866654754886073, -217.3575177582042, -214.0708522827156
2.579999999999989, 3.4024496369147004, -217.47255600815336, -214.07010637123867
2.5899999999999888, 3.4904802595259214, -217.56077741942983, -214.0702971599039
2.5999999999999885, 3.544275561903239, -217.61691750210136, -214.0726419401981
2.6099999999999883, 3.576273165494507, -217.6573101620978, -214.08103699660327
2.619999999999988, 3.5845471302191956, -217.6635724899421, -214.07902535972292
2.629999999999988, 3.5558631813537613, -217.6271042142496, -214.07124103289584
2.6399999999999877, 3.497220658997218, -217.56913280326563, -214.07191214426842
2.6499999999999875, 3.413800255930763, -217.47955744881588, -214.06575719288512
2.6599999999999873, 3.309077895214541, -217.37446569106237, -214.06538779584784
2.669999999999987, 3.1784037734648414, -217.24672894258646, -214.0683251691216
2.679999999999987, 3.0250234532147564, -217.09332832833564, -214.0683048751209
2.6899999999999866, 2.8576692311439156, -216.92433250127303, -214.0666632701291
2.6999999999999864, 2.685609696412748, -216.75097207369774, -214.065362377285
2.709999999999986, 2.526668340446217, -216.59074656755334, -214.06407822710713
2.719999999999986, 2.4125421590112186, -216.4738815984695, -214.06133943945827
2.7299999999999858, 2.3554345660443055, -216.41636914922427, -214.06093458317997
2.7399999999999856, 2.3594280877964273, -216.42178622372353, -214.0623581359271
2.7499999999999853, 2.4308659420116427, -216.49741799243583, -214.06655205042418
2.759999999999985, 2.5491805840188158, -216.61810308773252, -214.0689225037137
2.769999999999985, 2.699805844219777, -216.77800214873656, -214.07819630451678
2.7799999999999847, 2.873614587192325, -216.95049628475044, -214.07688169755812
2.7899999999999845, 3.044104814960361, -217.12502485157552, -214.08092003661517
2.7999999999999843, 3.1814999519408316, -217.26640431537925, -214.08490436343843
2.809999999999984, 3.2784553864376185, -217.36310111697946, -214.08464573054184
2.819999999999984, 3.319952613164949, -217.40507439928305, -214.0851217861181
2.8299999999999836, 3.298727536428261, -217.38684458146727, -214.088117045039
2.8399999999999834, 3.2328393448869397, -217.31696581121287, -214.08412646632593
2.849999999999983, 3.131791258604972, -217.21395862817394, -214.08216736956896
2.859999999999983, 3.0081148453978948, -217.08874083716924, -214.08062599177134
2.869999999999983, 2.882372493659524, -216.9598200558791, -214.0774475622196
2.8799999999999826, 2.7817219282442376, -216.8586325656433, -214.07691063739907
2.8899999999999824, 2.7279194614454307, -216.80433497977313, -214.0764155183277
2.899999999999982, 2.734069028818227, -216.8050532310662, -214.07098420224798
2.909999999999982, 2.795766604699116, -216.86895497800018, -214.07318837330106
2.9199999999999817, 2.8982758618391995, -216.97073205894085, -214.07245619710164
2.9299999999999815, 3.026593743790672, -217.10302760768036, -214.0764338638897
2.9399999999999813, 3.155931542954065, -217.23187569325432, -214.07594415030024
2.949999999999981, 3.26397212133869, -217.34042157328787, -214.07644945194917
2.959999999999981, 3.3368254167411835, -217.413992243451, -214.0771668267098
2.9699999999999807, 3.3860083367613734, -217.46892378950756, -214.0829154527462
2.9799999999999804, 3.427810803803839, -217.50638575141548, -214.07857494761163
2.9899999999999802, 3.444098918204624, -217.52423897637905, -214.08014005817444
2.99999999999998, 3.4238368012516363, -217.5086647764618, -214.08482797521017
3.00999999999998, 3.3792689564901117, -217.46604190002984, -214.08677294353973
3.0199999999999796, 3.3181345039385985, -217.39588997236308, -214.07775546842447
3.0299999999999794, 3.2288026161521213, -217.3065940827468, -214.0777914665947
3.039999999999979, 3.1007860270896273, -217.17780388034387, -214.07701785325423
3.049999999999979, 2.9457475926787797, -217.0219414395229, -214.07619384684412
3.0599999999999787, 2.7885571265736515, -216.85921108582409, -214.07065395925042
3.0699999999999785, 2.657564475255751, -216.73114032964278, -214.07357585438703
3.0799999999999783, 2.561012663793027, -216.63296858245283, -214.0719559186598
3.089999999999978, 2.5024258190250754, -216.57524724531277, -214.0728214262877
3.099999999999978, 2.4878525506141975, -216.55950730372908, -214.07165475311487
3.1099999999999777, 2.5201558469162593, -216.5902893835291, -214.07013353661284
3.1199999999999775, 2.589302878669803, -216.66019701916713, -214.07089414049733
3.1299999999999772, 2.674359982919687, -216.7475692581727, -214.073209275253
3.139999999999977, 2.7664146849124913, -216.83981467940052, -214.07339999448803
3.149999999999977, 2.875986017825853, -216.9451996040384, -214.06921358621256
3.1599999999999766, 2.998518458943667, -217.06518244906226, -214.0666639901186
3.1699999999999764, 3.120134914881141, -217.19203770097673, -214.0719027860956
3.179999999999976, 3.230914911043975, -217.30923847839622, -214.07832356735224
3.189999999999976, 3.318637933923924, -217.3977413419733, -214.07910340804938
3.1999999999999758, 3.377098988422623, -217.45573788989424, -214.0786389014716
3.2099999999999755, 3.4057048338727016, -217.4783810934503, -214.0726762595776
3.2199999999999753, 3.406824619254537, -217.47608195084845, -214.06925733159392
3.229999999999975, 3.373064224260359, -217.44283681108266, -214.0697725868223
3.239999999999975, 3.3160282953256615, -217.3905735491324, -214.07454525380675
3.2499999999999747, 3.2385154808366123, -217.31404290949226, -214.07552742865565
3.2599999999999745, 3.126064264567841, -217.2009711716575, -214.07490690708966
3.2699999999999743, 2.986681291938678, -217.06009090357045, -214.07340961163177
3.279999999999974, 2.836706175435589, -216.90556629932362, -214.06886012388804
3.289999999999974, 2.6882653130841065, -216.75551928824717, -214.06725397516306
3.2999999999999736, 2.560396124830886, -216.62455374865624, -214.06415762382537
3.3099999999999734, 2.4701032211997176, -216.53349601292035, -214.06339279172064
3.319999999999973, 2.4312961855378266, -216.49689744694012, -214.0656012614023
3.329999999999973, 2.4651098913851346, -216.53266031424474, -214.0675504228596
3.3399999999999728, 2.5643830613549543, -216.63196556712782, -214.06758250577286
3.3499999999999726, 2.6974751189552895, -216.7680029765269, -214.07052785757162
3.3599999999999723, 2.8358922695321356, -216.90454638454815, -214.06865411501602
3.369999999999972, 2.949186027038401, -217.01794331945015, -214.06875729241176
3.379999999999972, 3.015840357904344, -217.08536282904484, -214.0695224711405
3.3899999999999717, 3.025972560789714, -217.09458495737283, -214.06861239658312
3.3999999999999715, 3.001171888346541, -217.07016944839833, -214.0689975600518
3.4099999999999713, 2.9604441770753254, -217.03066954349194, -214.07022536641662
3.419999999999971, 2.914529809807861, -216.98431170589666, -214.06978189608878
3.429999999999971, 2.884293828895907, -216.95411627183506, -214.06982244293914
3.4399999999999706, 2.890748116737094, -216.96123218817903, -214.07048407144194
3.4499999999999704, 2.9409785866783302, -217.0083749757491, -214.06739638907075
3.45999999999997, 3.0318554756797442, -217.10652032498345, -214.0746648493037
3.46999999999997, 3.1532383519526066, -217.22290546304635, -214.06966711109374
3.47999999999997, 3.283967047145509, -217.3509874293086, -214.0670203821631
3.4899999999999696, 3.3979626190497685, -217.46602378772312, -214.06806116867335
3.4999999999999694, 3.4768235645009415, -217.54934306590525, -214.07251950140432
3.509999999999969, 3.513335048093595, -217.5893210074534, -214.0759859593598
3.519999999999969, 3.490087482256072, -217.56592405759343, -214.07583657533738
3.5299999999999687, 3.401075260419847, -217.47661972418308, -214.07554446376324
3.5399999999999685, 3.269402317952732, -217.34649050235026, -214.07708818439752
3.5499999999999683, 3.110762461055788, -217.1858596931596, -214.07509723210381
3.559999999999968, 2.9452460507584424, -217.0165277177118, -214.07128166695335
3.569999999999968, 2.7948810532391684, -216.8643933910829, -214.06951233784372
3.5799999999999677, 2.675318690410974, -216.74524748369592, -214.06992879328496
3.5899999999999674, 2.603561859475079, -216.67292591999254, -214.06936406051744
3.5999999999999672, 2.5813571661729915, -216.6512433582338, -214.06988619206084
3.609999999999967, 2.5991195838498475, -216.67189584895607, -214.07277626510623
3.619999999999967, 2.643098906364659, -216.7167439340945, -214.07364502772984
3.6299999999999666, 2.701118587502364, -216.77480339520054, -214.07368480769816
3.6399999999999664, 2.7497517635137765, -216.8238249808246, -214.07407321731083
3.649999999999966, 2.781699285131362, -216.85073171481528, -214.06903242968392
3.659999999999966, 2.805751514641072, -216.87145952190775, -214.0657080072667
3.6699999999999657, 2.82238835857686, -216.8871488792895, -214.06476052071264
3.6799999999999655, 2.830623556004097, -216.8970639794144, -214.0664404234103
3.6899999999999653, 2.8347018266337733, -216.90042270386152, -214.06572087722776
3.699999999999965, 2.838426389700609, -216.9033609229436, -214.064934533243
3.709999999999965, 2.842105087023782, -216.91047944474184, -214.06837435771806
3.7199999999999647, 2.8461211600855125, -216.91284870005833, -214.06672753997282
3.7299999999999645, 2.852806068599144, -216.9188617930206, -214.06605572442146
3.7399999999999642, 2.8598749165364175, -216.9242857228057, -214.06441080626928
3.749999999999964, 2.8630505983385572, -216.92539424689866, -214.0623436485601
3.759999999999964, 2.875429650509203, -216.9386567737801, -214.0632271232709
3.7699999999999636, 2.9055661664573007, -216.9713966783059, -214.0658305118486
3.7799999999999634, 2.954407683768533, -217.01647082664104, -214.06206314287252
3.789999999999963, 3.022408567691819, -217.0857421052166, -214.06333353752478
3.799999999999963, 3.1074184030666876, -217.16716280073578, -214.0597443976691
3.8099999999999627, 3.1968816835461413, -217.26028484810723, -214.0634031645611
3.8199999999999625, 3.2822061510122507, -217.3460589615993, -214.06385281058706
3.8299999999999623, 3.346261646835954, -217.40931622061416, -214.0630545737782
3.839999999999962, 3.3793212296190447, -217.44042168987428, -214.06110046025523
3.849999999999962, 3.3845374550077194, -217.44263596579046, -214.05809851078274
3.8599999999999617, 3.3612297564172833, -217.41997961254089, -214.0587498561236
3.8699999999999615, 3.328953675542773, -217.38388962444768, -214.0549359489049
3.8799999999999613, 3.2988988924095524, -217.34819637735623, -214.0492974849467
3.889999999999961, 3.263960661691657, -217.31371823627853, -214.04975757458686
3.899999999999961, 3.2204011728419446, -217.27317534152854, -214.0527741686866
3.9099999999999606, 3.174391560482165, -217.22254624520306, -214.04815468472088
3.9199999999999604, 3.1354142858107616, -217.17674981250377, -214.04133552669302
3.92999999999996, 3.098402191982856, -217.13980904160715, -214.0414068496243
3.93999999999996, 3.0626569534654635, -217.09559086707142, -214.03293391360597
3.9499999999999598, 3.0441792693932115, -217.08193350974398, -214.03775424035075
3.9599999999999596, 3.0344968759372826, -217.07171193518653, -214.03721505924923
3.9699999999999593, 3.021548326254328, -217.05704789348022, -214.03549956722588
3.979999999999959, 3.001546975527456, -217.03717215811363, -214.0356251825862
3.989999999999959, 2.983914766407207, -217.01664191645662, -214.03272715004942
3.9999999999999587, 2.976332686795096, -217.01117116061036, -214.03483847381526
4.009999999999959, 2.9699067907831527, -217.0057163498352, -214.03580955905207
4.019999999999959, 2.9645013408486403, -217.0046213754557, -214.04012003460707
4.0299999999999585, 2.96140649991308, -216.999083838283, -214.03767733836995
4.039999999999958, 2.948656999194204, -216.98952732672018, -214.04087032752597
4.049999999999958, 2.92015890226604, -216.96434138690472, -214.04418248463867
4.059999999999958, 2.879622319117362, -216.92626560302497, -214.0466432839076
4.069999999999958, 2.8231836492916615, -216.8708312364653, -214.04764758717366
4.079999999999957, 2.753304314830106, -216.79946209212952, -214.0461577772994
4.089999999999957, 2.6848957212586715, -216.73293627298492, -214.04804055172625
4.099999999999957, 2.62475641572962, -216.6717509897687, -214.04699457403908
4.109999999999957, 2.573909272814334, -216.62011369003872, -214.04620441722437
4.119999999999957, 2.5456361462917187, -216.58648045588407, -214.04084430959236
4.129999999999956, 2.5435672839654084, -216.58537755514533, -214.0418102711799
4.139999999999956, 2.5722287107022317, -216.6151641917939, -214.04293548109166
4.149999999999956, 2.6359265121428237, -216.68054730553666, -214.04462079339385
4.159999999999956, 2.7280550266964365, -216.7711021569577, -214.04304713026127
4.1699999999999555, 2.8441061790164457, -216.88240487555532, -214.03829869653887
4.179999999999955, 2.97622892576689, -217.00922410337185, -214.03299517760496
4.189999999999955, 3.108524929405165, -217.14577462402244, -214.03724969461726
4.199999999999955, 3.2279699561468225, -217.2641209388509, -214.03615098270407
4.209999999999955, 3.3226403769083563, -217.3627925324284, -214.04015215552002
4.2199999999999545, 3.387289835363629, -217.42145330905942, -214.0341634736958
4.229999999999954, 3.4237989024854607, -217.45962398032702, -214.03582507784157
4.239999999999954, 3.430662027309882, -217.47420094643203, -214.04353891912214
4.249999999999954, 3.4186754023422483, -217.4573563065763, -214.03868090423404
4.259999999999954, 3.4003449325239594, -217.43942824723428, -214.03908331471033
4.269999999999953, 3.3731020207975986, -217.41016774570366, -214.03706572490606
4.279999999999953, 3.356467521061884, -217.39446233399786, -214.03799481293598
4.289999999999953, 3.3608548299748198, -217.39507510426694, -214.03422027429212
4.299999999999953, 3.357052588522987, -217.3913816522102, -214.03432906368724
4.3099999999999525, 3.334999288744814, -217.3764227224472, -214.04142343370236
4.319999999999952, 3.299508906475375, -217.34093133226773, -214.04142242579235
4.329999999999952, 3.248829836971717, -217.29478355773972, -214.045953720768
4.339999999999952, 3.177289643957727, -217.22423881221553, -214.0469491682578
4.349999999999952, 3.0777731871759424, -217.12457855144234, -214.0468053642664
4.3599999999999515, 2.956761502469977, -217.00272760978913, -214.04596610731915
4.369999999999951, 2.836033193904366, -216.87897654001392, -214.04294334610955
4.379999999999951, 2.727915123092913, -216.7693243367691, -214.0414092136762
4.389999999999951, 2.6466466828086106, -216.68910313167206, -214.04245644886345
4.399999999999951, 2.613061534437737, -216.65569522450915, -214.0426336900714
4.40999999999995, 2.6276845451373725, -216.66914915711587, -214.04146461197848
4.41999999999995, 2.683860465344845, -216.72920277260226, -214.0453423072574
4.42999999999995, 2.771817529615202, -216.82155788731342, -214.04974035769823
4.43999999999995, 2.871451240265097, -216.92681849110448, -214.0553672508394
4.4499999999999496, 2.961701353100922, -217.01564462850027, -214.05394327539935
4.459999999999949, 3.0293939419891798, -217.08057605829364, -214.05118211630446
4.469999999999949, 3.0602090124525425, -217.11188914274376, -214.05168013029123
4.479999999999949, 3.057137111887135, -217.1043209930261, -214.04718388113898
4.489999999999949, 3.0170672982971083, -217.065499860012, -214.0484325617149
4.4999999999999485, 2.931204202551737, -216.97745787471203, -214.0462536721603
4.509999999999948, 2.8147371941144006, -216.8586160492911, -214.0438788551767
4.519999999999948, 2.6941770600538235, -216.73680168897715, -214.04262462892333
4.529999999999948, 2.603582830934878, -216.64636933344858, -214.0427865025137
4.539999999999948, 2.560349416026141, -216.60148926150586, -214.04113984547973
4.549999999999947, 2.5657016015220386, -216.60776880841604, -214.042067206894
4.559999999999947, 2.6269502229542523, -216.66856935723663, -214.04161913428237
4.569999999999947, 2.7373490121111117, -216.7807252718799, -214.0433762597688
4.579999999999947, 2.889239598304204, -216.93258340244293, -214.04334380413871
4.589999999999947, 3.061001842814607, -217.10584769741615, -214.04484585460153
4.599999999999946, 3.216174338405007, -217.26194351728105, -214.04576917887604
4.609999999999946, 3.3494335128792962, -217.38514053662348, -214.03570702374418
4.619999999999946, 3.4533254028159646, -217.48407481451548, -214.0307494116995
4.629999999999946, 3.5224961773251446, -217.55395357747705, -214.0314574001519
4.6399999999999455, 3.556455167575943, -217.58987367043153, -214.0334185028556
4.649999999999945, 3.5489277276527713, -217.58334973775587, -214.0344220101031
4.659999999999945, 3.5006108268074514, -217.5318104912039, -214.03119966439647
4.669999999999945, 3.4109835928212777, -217.43929561545357, -214.0283120226323
4.679999999999945, 3.290018439390896, -217.31802215033338, -214.02800371094247
4.689999999999944, 3.155617888982532, -217.1795261651481, -214.02390827616557
4.699999999999944, 3.0138197724372264, -217.0355052223036, -214.0216854498664
4.709999999999944, 2.8955925596584304, -216.9051272410363, -214.00953468137786
4.719999999999944, 2.8124370277342754, -216.82177089463235, -214.0093338668981
4.729999999999944, 2.756558806355328, -216.76584005619912, -214.0092812498438
4.739999999999943, 2.73458298437732, -216.74412436869787, -214.00954138432056
4.749999999999943, 2.7652458276228287, -216.78544998912562, -214.0202041615028
4.759999999999943, 2.835977218451046, -216.85655309777184, -214.0205758793208
4.769999999999943, 2.908270903397034, -216.93205851219685, -214.0237876087998
4.7799999999999425, 2.9706154382132577, -216.9958462521559, -214.02523081394264
4.789999999999942, 3.0120148590845472, -217.03650342837298, -214.02448856928842
4.799999999999942, 3.028735458419116, -217.0500180517807, -214.0212825933616
4.809999999999942, 3.032238900995904, -217.05900731602532, -214.0267684150294
4.819999999999942, 3.03245359065224, -217.05912787731017, -214.02667428665794
4.8299999999999415, 3.0301819500980343, -217.05604852153976, -214.02586657144172
4.839999999999941, 3.0330042504111945, -217.05105202544715, -214.01804777503597
4.849999999999941, 3.034546564336231, -217.04727824181364, -214.0127316774774
4.859999999999941, 3.0257756776990297, -217.042193767381, -214.016418089682
4.869999999999941, 2.997233648447465, -217.01357688561498, -214.01634323716752
4.87999999999994, 2.9468930919796597, -216.9636807115358, -214.01678761955614
4.88999999999994, 2.8902989747472856, -216.909554297524, -214.01925532277673
4.89999999999994, 2.83426278071226, -216.8532062163201, -214.01894343560784
4.90999999999994, 2.7835805537035063, -216.80221771291414, -214.01863715921064
4.9199999999999395, 2.7553344357049245, -216.77261823448637, -214.01728379878145
4.929999999999939, 2.775137827373435, -216.79667721241668, -214.02153938504324
4.939999999999939, 2.842371687131543, -216.86500545655448, -214.02263376942295
4.949999999999939, 2.944245244965528, -216.96539337851053, -214.021148133545
4.959999999999939, 3.075255519661772, -217.09695089385846, -214.0216953741967
4.9699999999999385, 3.20830652348485, -217.23678478262516, -214.02847825914031
4.979999999999938, 3.3124833638236932, -217.3434158288194, -214.0309324649957
4.989999999999938, 3.361678352257576, -217.3923056281012, -214.03062727584364
4.999999999999938, 3.3504461087450412, -217.37804789018892, -214.02760178144388
5.009999999999938, 3.2799716057138024, -217.30704688404165, -214.02707527832786
5.019999999999937, 3.146633560116752, -217.17396628045623, -214.02733272033947
5.029999999999937, 2.969233870268387, -216.99891750056307, -214.02968363029467
5.039999999999937, 2.779316508964065, -216.8046329723255, -214.02531646336143
5.049999999999937, 2.6011438173749797, -216.6218076250218, -214.02066380764683
5.0599999999999365, 2.46153922287478, -216.48186594367684, -214.02032672080205
5.069999999999936, 2.3903771340125024, -216.40847054269818, -214.01809340868567
5.079999999999936, 2.403503633440673, -216.42366780997935, -214.02016417653869
5.089999999999936, 2.4962397122565485, -216.5136922791046, -214.01745256684805
5.099999999999936, 2.658852269581333, -216.67634248993744, -214.0174902203561
5.1099999999999355, 2.864337694732248, -216.87989137772766, -214.0155536829954
5.119999999999935, 3.0730472600549468, -217.09146456826915, -214.0184173082142
5.129999999999935, 3.260679625627409, -217.27865494079327, -214.01797531516587
5.139999999999935, 3.406792605634466, -217.4261409126834, -214.01934830704892
5.149999999999935, 3.4994086789700236, -217.51403278231592, -214.0146241033459
5.159999999999934, 3.530278980244486, -217.54718399554585, -214.01690501530138
5.169999999999934, 3.498704628344467, -217.51924625106588, -214.02054162272142
5.179999999999934, 3.414633504451523, -217.43636130392824, -214.0217277994767
5.189999999999934, 3.2886657965402226, -217.30831328099325, -214.01964748445303
5.199999999999934, 3.1298123424934787, -217.14263814598473, -214.01282580349127
5.209999999999933, 2.962462117408053, -216.97282507391358, -214.01036295650553
5.219999999999933, 2.804401850491538, -216.81278228432583, -214.0083804338343
5.229999999999933, 2.6708854549925043, -216.67914226792652, -214.008256812934
5.239999999999933, 2.595970472938153, -216.60675580596182, -214.01078533302368
5.2499999999999325, 2.5810325093235265, -216.59294314458742, -214.0119106352639
5.259999999999932, 2.607916864868903, -216.61912109682146, -214.01120423195255
5.269999999999932, 2.6771482630540464, -216.69044742693086, -214.0132991638768
5.279999999999932, 2.7862162050395267, -216.80249009994176, -214.01627389490224
5.289999999999932, 2.922528368698773, -216.94083650680955, -214.01830813811077
5.299999999999931, 3.0630749729895497, -217.08179088069105, -214.0187159077015
5.309999999999931, 3.187655974772138, -217.21100855611408, -214.02335258134195
5.319999999999931, 3.274582867643566, -217.30263385757542, -214.02805098993184
5.329999999999931, 3.300936780356334, -217.3268053736041, -214.02586859324776
5.339999999999931, 3.257611439236749, -217.281476596839, -214.02386515760227
5.34999999999993, 3.1485209548429536, -217.17140342034904, -214.0228824655061
5.35999999999993, 3.0135088203808174, -217.04191656347675, -214.02840774309593
5.36999999999993, 2.8807080146754545, -216.91002881444248, -214.02932079976702
5.37999999999993, 2.7537651497528346, -216.7801757357367, -214.02641058598385
5.3899999999999295, 2.666125719722726, -216.6845927230026, -214.01846700327988
5.399999999999929, 2.6405713384373435, -216.65399250951364, -214.0134211710763
5.409999999999929, 2.676030757425706, -216.68569969397763, -214.00966893655192
5.419999999999929, 2.7604419539812923, -216.76860165029592, -214.00815969631464
5.429999999999929, 2.8675374624734418, -216.87724027695984, -214.0097028144864
5.4399999999999284, 2.9725405190981045, -216.98352032806935, -214.01097980897123
5.449999999999928, 3.0659398964044544, -217.07643584705272, -214.01049595064828
5.459999999999928, 3.135606930738443, -217.15001661756037, -214.01440968682192
5.469999999999928, 3.171015074921852, -217.18770158527443, -214.01668651035257
5.479999999999928, 3.1793854852152674, -217.1917911888824, -214.01240570366713
5.489999999999927, 3.1676117174542213, -217.17814402669626, -214.01053230924202
5.499999999999927, 3.1389277897358494, -217.14742035698575, -214.0084925672499
5.509999999999927, 3.1070905637987853, -217.11893794210357, -214.0118473783048
5.519999999999927, 3.081612439371682, -217.0898863364791, -214.00827389710741
5.5299999999999265, 3.0648504626844217, -217.06959075271274, -214.0047402900283
5.539999999999926, 3.0641056070274533, -217.0746812604827, -214.01057565345525
5.549999999999926, 3.0714981148976324, -217.08269339220277, -214.01119527730515
5.559999999999926, 3.084236186932679, -217.09520318884876, -214.01096700191607
5.569999999999926, 3.10154443240716, -217.1138075390227, -214.01226310661553
5.5799999999999255, 3.1217475559392254, -217.1265845665417, -214.00483701060247
5.589999999999925, 3.1310938808546704, -217.13818723291132, -214.00709335205664
5.599999999999925, 3.122966803433515, -217.12780794553376, -214.00484114210025
5.609999999999925, 3.1025763697964988, -217.10399131487867, -214.00141494508216
5.619999999999925, 3.063803599396664, -217.07012807258985, -214.0063244731932
5.629999999999924, 3.019486989089974, -217.02550656048817, -214.00601957139818
5.639999999999924, 2.9804980976512274, -216.9888990366124, -214.00840093896116
5.649999999999924, 2.9560000317857145, -216.96768143890438, -214.01168140711866
5.659999999999924, 2.949428743901243, -216.95895717039892, -214.00952842649767
5.6699999999999235, 2.9494906297938326, -216.9600797931354, -214.01058916334156
5.679999999999923, 2.9559933521002355, -216.96537195241575, -214.00937860031553
5.689999999999923, 2.957439399762827, -216.96608885044483, -214.00864945068201
5.699999999999923, 2.9352113331088496, -216.9431482006038, -214.00793686749495
5.709999999999923, 2.8866142640207553, -216.8968795829587, -214.01026531893794
5.7199999999999225, 2.820008963857955, -216.82883017382994, -214.00882120997198
5.729999999999922, 2.749132909085929, -216.75906233629382, -214.0099294272079
5.739999999999922, 2.686937748907068, -216.6961289507121, -214.00919120180504
5.749999999999922, 2.649157792209684, -216.65672802597135, -214.00757023376167
5.759999999999922, 2.6498514110840206, -216.65539686504, -214.00554545395596
5.769999999999921, 2.6945473510386546, -216.70285152812323, -214.00830417708457
5.779999999999921, 2.772290404995797, -216.78386297176834, -214.01157256677254
5.789999999999921, 2.8801382112863627, -216.90145667758438, -214.02131846629803
5.799999999999921, 3.000197981031728, -217.02369713586427, -214.02349915483254
5.809999999999921, 3.0985158084248883, -217.12515000008628, -214.0266341916614
5.81999999999992, 3.16029531396535, -217.1855290622439, -214.02523374827854
5.82999999999992, 3.183925407832269, -217.20357850142534, -214.01965309359306
5.83999999999992, 3.1732497881011064, -217.19326247638236, -214.02001268828124
5.84999999999992, 3.1626710791600545, -217.16686774570735, -214.0041966665473
5.8599999999999195, 3.165321469677798, -217.16807102852695, -214.00274955884916
5.869999999999919, 3.17716227387995, -217.1738270255237, -213.99666475164375
5.879999999999919, 3.2126656124279624, -217.21577288232646, -214.0031072698985
5.889999999999919, 3.266353277359981, -217.27400161712424, -214.00764833976427
5.899999999999919, 3.330352696957388, -217.3380199739461, -214.0076672769887
5.909999999999918, 3.3916646950903684, -217.4025719255583, -214.01090723046795
5.919999999999918, 3.438893259283555, -217.45280912373477, -214.0139158644512
5.929999999999918, 3.4543723906765265, -217.46942605708497, -214.01505366640845
5.939999999999918, 3.437866462293748, -217.45195362996168, -214.01408716766792
5.949999999999918, 3.3906209710331385, -217.40175264023048, -214.01113166919734
5.959999999999917, 3.30049544301371, -217.31017946407763, -214.00968402106392
5.969999999999917, 3.2025031172338125, -217.21294185173932, -214.0104387345055
5.979999999999917, 3.107014561539251, -217.11970003055467, -214.01268546901542
5.989999999999917, 2.9993917647957424, -217.01015309345297, -214.01076132865722
5.9999999999999165, 2.9082483075053043, -216.91091786192243, -214.0026695544171
6.009999999999916, 2.855628100486012, -216.8558791810233, -214.0002510805373
6.019999999999916, 2.8410315531386536, -216.8397202965312, -213.99868874339253
6.029999999999916, 2.866659305309294, -216.86529220696545, -213.99863290165615
6.039999999999916, 2.9285771476359455, -216.93243005384005, -214.00385290620412
6.0499999999999154, 3.0147380053023474, -217.01700819983407, -214.00227019453172
6.059999999999915, 3.1056715869244638, -217.11085589734017, -214.0051843104157
6.069999999999915, 3.186776889554111, -217.19260484424245, -214.00582795468833
6.079999999999915, 3.2369332759992178, -217.2425810695811, -214.0056477935819
6.089999999999915, 3.2333554607306185, -217.23977434907565, -214.00641888834502
6.099999999999914, 3.1769960852102503, -217.18078163392525, -214.003785548715
6.109999999999914, 3.0897854721535163, -217.09150630034216, -214.00172082818864
6.119999999999914, 2.9878152842545136, -216.9908052058358, -214.0029899215813
6.129999999999914, 2.8802241785008373, -216.88405043019324, -214.0038262516924
6.1399999999999135, 2.7872841624752605, -216.78589777213142, -213.99861360965616
6.149999999999913, 2.7082042438640395, -216.70679074647748, -213.99858650261345
6.159999999999913, 2.637485233868289, -216.63690276077264, -213.99941752690435
6.169999999999913, 2.5842131049310857, -216.58455920350758, -214.0003460985765
6.179999999999913, 2.552556987099462, -216.552201714886, -213.99964472778655
6.1899999999999125, 2.559195361685134, -216.5488760752242, -213.98968071353906
6.199999999999912, 2.60521114702189, -216.59388090436838, -213.98866975734649
6.209999999999912, 2.677037536120683, -216.66639248780984, -213.98935495168917
6.219999999999912, 2.7699950933818736, -216.76478096846623, -213.99478587508435
6.229999999999912, 2.8713718615165265, -216.86627433489406, -213.99490247337752
6.239999999999911, 2.9750529786617794, -216.9654734159755, -213.99042043731373
6.249999999999911, 3.0780103275728665, -217.07105751690122, -213.99304718932837
6.259999999999911, 3.1775173171265307, -217.16765512800038, -213.99013781087385
6.269999999999911, 3.2835440434940555, -217.2773431355376, -213.99379909204353
6.2799999999999105, 3.4054404421015714, -217.39355518856567, -213.9881147464641
6.28999999999991, 3.523166876888359, -217.51230401691026, -213.9891371400219
6.29999999999991, 3.613638378921441, -217.60427012647241, -213.99063174755096
6.30999999999991, 3.6680342343541263, -217.65919759487548, -213.99116336052134
6.31999999999991, 3.6813053829460904, -217.67375356585663, -213.99244818291055
6.3299999999999095, 3.669587202917847, -217.65198161987183, -213.98239441695398
6.339999999999909, 3.6441403846958176, -217.62277866046682, -213.978638275771
6.349999999999909, 3.5839115316517853, -217.56466769745072, -213.98075616579894
6.359999999999909, 3.4938782425868053, -217.48497008317065, -213.99109184058383
6.369999999999909, 3.3865773640076955, -217.37681256209328, -213.99023519808557
6.379999999999908, 3.256741081550836, -217.25039210363983, -213.99365102208898
6.389999999999908, 3.114723785198673, -217.1102333055098, -213.99550952031115
6.399999999999908, 2.978145773601921, -216.9666179743681, -213.98847220076618
6.409999999999908, 2.860762696531455, -216.84608755640448, -213.98532485987303
6.419999999999908, 2.765663445091383, -216.75044416106996, -213.9847807159786
6.429999999999907, 2.7085865554295743, -216.69471140624506, -213.9861248508155
6.439999999999907, 2.695355043415748, -216.673500433365, -213.97814538994925
6.449999999999907, 2.706055523422285, -216.68430914086963, -213.97825361744734
6.459999999999907, 2.7330710084810375, -216.71197013452962, -213.9788991260486
6.4699999999999065, 2.785344405484087, -216.76551778946347, -213.98017338397938
6.479999999999906, 2.869164302885183, -216.84567261773842, -213.97650831485322
6.489999999999906, 2.9728893086110975, -216.95213780097947, -213.97924849236838
6.499999999999906, 3.076410949319027, -217.05499136553718, -213.97858041621814
6.509999999999906, 3.174523345585833, -217.1565056415363, -213.98198229595047
6.519999999999905, 3.26117464716957, -217.24751961011464, -213.98634496294505
6.529999999999905, 3.320831826069356, -217.30682953257525, -213.98599770650588
6.539999999999905, 3.3396207725384817, -217.32481666079588, -213.98519588825738
6.549999999999905, 3.3263560128793466, -217.30899942874984, -213.98264341587048
6.559999999999905, 3.287042679583404, -217.2736424974084, -213.98659981782498
6.569999999999904, 3.2189761876326903, -217.20511481575514, -213.98613862812246
6.579999999999904, 3.1384163873045385, -217.12333278182263, -213.98491639451808
6.589999999999904, 3.0460697304029294, -217.02827420139988, -213.98220447099695
6.599999999999904, 2.9383777920701437, -216.92141664385528, -213.98303885178512
6.6099999999999035, 2.8270231494950586, -216.80956554060367, -213.9825423911086
6.619999999999903, 2.7372662956549862, -216.7147404782927, -213.9774741826377
6.629999999999903, 2.69353258699278, -216.67530283050377, -213.981770243511
6.639999999999903, 2.6963459366465994, -216.67464397802144, -213.97829804137484
6.649999999999903, 2.739752711642212, -216.72006537684143, -213.98031266519922
6.659999999999902, 2.8178039985468826, -216.8015117772324, -213.98370777868553
6.669999999999902, 2.9245028600598597, -216.90442366163754, -213.9799208015777
6.679999999999902, 3.0491565507679135, -217.02960429875222, -213.9804477479843
6.689999999999902, 3.186728534713914, -217.17506130792407, -213.98833277321015
6.699999999999902, 3.330594857743492, -217.31596312271202, -213.98536826496854
6.709999999999901, 3.451907736712661, -217.43810577376487, -213.98619803705222
6.719999999999901, 3.538576365726171, -217.53055985096384, -213.99198348523768
6.729999999999901, 3.5765409795771816, -217.5690222006079, -213.99248122103072
6.739999999999901, 3.5567382361977384, -217.54707912205177, -213.99034088585404
6.7499999999999005, 3.49389881580435, -217.48337573841673, -213.98947692261237
6.7599999999999, 3.403415729329236, -217.38977151357523, -213.986355784246
6.7699999999999, 3.2953995601091597, -217.28147910589954, -213.98607954579037
6.7799999999999, 3.19053010301335, -217.17178967067537, -213.98125956766202
6.7899999999999, 3.0958730955010565, -217.07827196638894, -213.9823988708879
6.7999999999998995, 3.008991127299515, -216.99346685457851, -213.984475727279
6.809999999999899, 2.937820604615803, -216.92186956548827, -213.98404896087246
6.819999999999899, 2.885220144277523, -216.87315684495306, -213.98793670067553
6.829999999999899, 2.855190925541827, -216.84263106794253, -213.98744014240071
6.839999999999899, 2.8454829956894936, -216.8363913552676, -213.99090835957813
6.849999999999898, 2.851864783803883, -216.84344507817025, -213.99158029436637
6.859999999999898, 2.867488494241869, -216.85970617389185, -213.99221767964997
6.869999999999898, 2.884633605283955, -216.88039413351586, -213.9957605282319
6.879999999999898, 2.895972716656811, -216.89008524222837, -213.99411252557155
6.8899999999998975, 2.9203917646068187, -216.91628010119695, -213.99588833659013
6.899999999999897, 2.953911344233021, -216.94912166094753, -213.9952103167145
6.909999999999897, 2.9708860796334626, -216.96695706893144, -213.99607098929798
6.919999999999897, 2.993481602379752, -216.98770472938153, -213.9942231270018
6.929999999999897, 3.0395344912691242, -217.03271390846322, -213.99317941719409
6.9399999999998965, 3.0919314327058123, -217.08513623920362, -213.9932048064978
6.949999999999896, 3.142413884842464, -217.13124719800382, -213.98883331316136
6.959999999999896, 3.191978102966742, -217.18434708545448, -213.99236898248773
6.969999999999896, 3.2447987495795405, -217.23742790556236, -213.99262915598283
6.979999999999896, 3.299127584779655, -217.29375596286667, -213.99462837808701
6.989999999999895, 3.3370280696251715, -217.3322808023689, -213.99525273274372
6.999999999999895, 3.3508792520434456, -217.35045921078645, -213.999579958743
7.009999999999895, 3.337879627312265, -217.33416645833253, -213.99628683102026
7.019999999999895, 3.294743800134062, -217.29276616958975, -213.9980223694557
7.0299999999998946, 3.2280634006174083, -217.22418784912114, -213.99612444850374
7.039999999999894, 3.1436193826597605, -217.1397478955677, -213.99612851290794
7.049999999999894, 3.054399202533524, -217.04996520858558, -213.99556600605206
7.059999999999894, 2.9682420192347077, -216.96341786416062, -213.9951758449259
7.069999999999894, 2.9064380557120097, -216.89431972675658, -213.98788167104456
7.0799999999998935, 2.8684216180414106, -216.85890618353068, -213.99048456548925
7.089999999999893, 2.8310229039703207, -216.82094742241637, -213.98992451844606
7.099999999999893, 2.7986915449482734, -216.78521152093006, -213.9865199759818
7.109999999999893, 2.7826715337625805, -216.76783180454362, -213.98516027078105
7.119999999999893, 2.78355271591557, -216.7681849678006, -213.98463225188505
7.129999999999892, 2.8088921755985, -216.79007255171035, -213.98118037611187
7.139999999999892, 2.8710172562705623, -216.85253826028722, -213.98152100401666
7.149999999999892, 2.963240871453974, -216.94579773235665, -213.9825568609027
7.159999999999892, 3.0751220409825066, -217.0602529640011, -213.9851309230186
7.169999999999892, 3.1936719554057955, -217.18042948946706, -213.98675753406127
7.179999999999891, 3.3013393241309594, -217.28849138735723, -213.98715206322626
7.189999999999891, 3.3781104428530004, -217.36855499386428, -213.99044455101128
7.199999999999891, 3.4205083055498613, -217.4086521434823, -213.98814383793243
7.209999999999891, 3.4253753924740753, -217.4115019609109, -213.98612656843682
7.2199999999998905, 3.3874845149279693, -217.37593011619236, -213.9884456012644
7.22999999999989, 3.3235358075415946, -217.3112529956258, -213.98771718808422
7.23999999999989, 3.2519016432499326, -217.23831370352136, -213.98641206027142
7.24999999999989, 3.1659802891874147, -217.15543601885892, -213.9894557296715
7.25999999999989, 3.0671213000531528, -217.06264538960284, -213.9955240895497
7.269999999999889, 2.9655695239234583, -216.96303092016157, -213.99746139623812
7.279999999999889, 2.866520083366283, -216.86038178246207, -213.9938616990958
7.289999999999889, 2.774128531155458, -216.76983931532416, -213.9957107841687
7.299999999999889, 2.7021708065478687, -216.70038821757936, -213.9982174110315
7.309999999999889, 2.6670893150992914, -216.66419849444895, -213.99710917934965
7.319999999999888, 2.680623845700875, -216.67685711472117, -213.9962332690203
7.329999999999888, 2.753000818312765, -216.75384370953194, -214.00084289121918
7.339999999999888, 2.871798005279694, -216.87502861675344, -214.00323061147375
7.349999999999888, 3.019853137993285, -217.02550116066732, -214.00564802267402
7.3599999999998875, 3.19700084481937, -217.20856277533468, -214.0115619305153
7.369999999999887, 3.392791803039807, -217.40581874777146, -214.01302694473165
7.379999999999887, 3.5693329763749495, -217.5799917025764, -214.01065872620146
7.389999999999887, 3.703906177695528, -217.71854592103912, -214.0146397433436
7.399999999999887, 3.7819339766869016, -217.79895782084577, -214.01702384415887
7.4099999999998865, 3.7842447608599583, -217.80341879632104, -214.01917403546108
7.419999999999886, 3.7013944627220474, -217.72173762947463, -214.02034316675258
7.429999999999886, 3.5493523080180562, -217.56106406340092, -214.01171175538286
7.439999999999886, 3.339467536091534, -217.3493765508783, -214.00990901478676
7.449999999999886, 3.0759920029519146, -217.08282473726032, -214.0068327343084
7.459999999999885, 2.7897102496988553, -216.79487595880883, -214.00516570910997
7.469999999999885, 2.5173732919465888, -216.5228498320584, -214.0054765401118
7.479999999999885, 2.2993848770441088, -216.30593822068226, -214.00655334363816
7.489999999999885, 2.1611316896836783, -216.16724066234622, -214.00610897266253
7.4999999999998845, 2.116830515823398, -216.12085560684176, -214.00402509101835
7.509999999999884, 2.16530713890759, -216.1718910952413, -214.0065839563337
7.519999999999884, 2.294722960598565, -216.29975731707114, -214.00503435647258
7.529999999999884, 2.485896629456793, -216.4918248757908, -214.005928246334
7.539999999999884, 2.7067846076145896, -216.71457033991317, -214.00778573229857
7.5499999999998835, 2.9295369478385993, -216.93733250532776, -214.00779555748915
7.559999999999883, 3.1399557963600144, -217.1527887942185, -214.01283299785848
7.569999999999883, 3.319591446241877, -217.3328404693904, -214.01324902314852
7.579999999999883, 3.4619836517578713, -217.4749471058005, -214.01296345404265
7.589999999999883, 3.572730477909688, -217.58309378983216, -214.01036331192248
7.599999999999882, 3.643133807760328, -217.6558461456368, -214.01271233787645
7.609999999999882, 3.6632078815040456, -217.67852019763487, -214.01531231613083
7.619999999999882, 3.6251460776177615, -217.63674081472976, -214.011594737112
7.629999999999882, 3.534068023882916, -217.54533520917974, -214.01126718529682
7.6399999999998816, 3.4112564707068866, -217.42241974268723, -214.01116327198034
7.649999999999881, 3.2835178195231682, -217.29794389311422, -214.01442607359107
7.659999999999881, 3.1668899104651467, -217.17927418975927, -214.0123842792941
7.669999999999881, 3.060674726971671, -217.0709396230879, -214.0102648961162
7.679999999999881, 2.956103358920588, -216.96607035765385, -214.00996699873326
7.6899999999998805, 2.857584030892751, -216.86683817240663, -214.00925414151388
7.69999999999988, 2.7796909067126427, -216.78969938883154, -214.0100084821189
7.70999999999988, 2.7310271360546428, -216.7404853991485, -214.00945826309385
7.71999999999988, 2.7164444519981807, -216.7248950585758, -214.00845060657764
7.72999999999988, 2.7248006950328536, -216.73260841302965, -214.0078077179968
7.739999999999879, 2.7410999350504346, -216.7495099502463, -214.00841001519586
7.749999999999879, 2.7587108589077087, -216.76798792087246, -214.00927706196475
7.759999999999879, 2.770410805158075, -216.78047564728064, -214.01006484212257
7.769999999999879, 2.780668848616342, -216.79065399872744, -214.0099851501111
7.779999999999879, 2.8055950802897223, -216.81324152538363, -214.0076464450939
7.789999999999878, 2.848647440008298, -216.85903165265694, -214.01038421264863
7.799999999999878, 2.8975219303816067, -216.90681062643708, -214.00928869605548
7.809999999999878, 2.9567442550715874, -216.96467367441207, -214.00792941934048
7.819999999999878, 3.0280244533889635, -217.0378816716611, -214.00985721827215
7.8299999999998775, 3.1107383174730505, -217.1267885442334, -214.01605022676034
7.839999999999877, 3.196831030242551, -217.2131695123757, -214.01633848213316
7.849999999999877, 3.2700686461498654, -217.2860939572819, -214.01602531113204
7.859999999999877, 3.336113100832263, -217.34676830090285, -214.0106552000706
7.869999999999877, 3.3803739152318997, -217.39232105967807, -214.01194714444617
7.879999999999876, 3.383502367922924, -217.3957091978388, -214.0122068299159
7.889999999999876, 3.350438472494908, -217.3600458873007, -214.0096074148058
7.899999999999876, 3.284975246007144, -217.29258756234853, -214.00761231634138
7.909999999999876, 3.1851834142511826, -217.1914995111963, -214.0063160969451
7.919999999999876, 3.0479619788581775, -217.05385073495137, -214.00588875609319
7.929999999999875, 2.887477203666492, -216.88993135589394, -214.00245415222744
7.939999999999875, 2.7275492414713765, -216.73016345722104, -214.00261421574967
7.949999999999875, 2.599112246023217, -216.6025786708358, -214.0034664248126
7.959999999999875, 2.5328497128323173, -216.53630436158738, -214.00345464875505
7.9699999999998745, 2.5323040077639707, -216.53603881895276, -214.0037348111888
7.979999999999874, 2.5995176454360993, -216.60767667215774, -214.00815902672164
7.989999999999874, 2.7290042747373953, -216.73913175344248, -214.01012747870507
7.999999999999874, 2.8916293240102324, -216.9038016452533, -214.01217232124307
8.009999999999874, 3.061687009642048, -217.0741987870822, -214.01251177744015
8.019999999999873, 3.2173245598244753, -217.22714781705474, -214.00982325723027
8.029999999999873, 3.334048683537664, -217.3464436170256, -214.01239493348794
8.039999999999873, 3.399160076656488, -217.41131130363843, -214.01215122698193
8.049999999999873, 3.416739799407732, -217.4328429047773, -214.01610310536955
8.059999999999873, 3.386821748313317, -217.4023088574913, -214.015487109178
8.069999999999872, 3.3178112731958787, -217.33067140824724, -214.01286013505137
8.079999999999872, 3.225783358455217, -217.23791675562634, -214.01213339717114
8.089999999999872, 3.1163364391981787, -217.12318838455718, -214.00685194535902
8.099999999999872, 3.0066450458737517, -217.0202119844936, -214.01356693861987
8.109999999999872, 2.9084327603533326, -216.91759535419988, -214.00916259384655
8.119999999999871, 2.828992870788654, -216.8413093108617, -214.01231644007305
8.129999999999871, 2.7771556293870394, -216.78727477872508, -214.01011914933804
8.139999999999871, 2.7649626231067317, -216.7709616407343, -214.00599901762757
8.14999999999987, 2.7918435731032374, -216.7978756845142, -214.00603211141095
8.15999999999987, 2.838441730201187, -216.8449501602, -214.0065084299988
8.16999999999987, 2.89441558623527, -216.9015354886593, -214.00711990242402
8.17999999999987, 2.9592998767488976, -216.961618051174, -214.0023181744251
8.18999999999987, 3.022798837926113, -217.02331866369875, -214.00051982577264
8.19999999999987, 3.0668075874755183, -217.06874748592642, -214.0019398984509
8.20999999999987, 3.108840486249416, -217.11313718498678, -214.00429669873736
8.21999999999987, 3.1553372112796194, -217.15937937811603, -214.0040421668364
8.229999999999869, 3.181314960491356, -217.1861424704851, -214.00482750999373
8.239999999999869, 3.1763640016330528, -217.1818095548243, -214.00544555319124
8.249999999999869, 3.1436552750726454, -217.14859088136615, -214.00493560629351
8.259999999999868, 3.1080950287966695, -217.11302143539527, -214.0049264065986
8.269999999999868, 3.0781501193844836, -217.0832498904991, -214.00509977111463
8.279999999999868, 3.049657379181131, -217.05345822672925, -214.00380084754812
8.289999999999868, 3.034265312242323, -217.0407684632019, -214.0065031509596
8.299999999999867, 3.0387570177586882, -217.04729048442087, -214.0085334666622
8.309999999999867, 3.0565411348541387, -217.0650305257381, -214.00848939088397
8.319999999999867, 3.0790193650354514, -217.08953322979573, -214.01051386476027
8.329999999999867, 3.0933623264810493, -217.10341814382144, -214.0100558173404
8.339999999999867, 3.086118104814859, -217.09748604045777, -214.0113679356429
8.349999999999866, 3.0573852944603455, -217.06893584867314, -214.0115505542128
8.359999999999866, 3.0106115693067617, -217.022328968504, -214.01171739919724
8.369999999999866, 2.949180483433236, -216.95894047406128, -214.00975999062805
8.379999999999866, 2.873385391091296, -216.88191997046624, -214.00853457937495
8.389999999999866, 2.7930582225488942, -216.80138660777268, -214.0083283852238
8.399999999999865, 2.7140940981474135, -216.71963618789263, -214.0055420897452
8.409999999999865, 2.628905347195533, -216.6334018999072, -214.00449655271166
8.419999999999865, 2.5543842474117637, -216.5670049742897, -214.0126207268779
8.429999999999865, 2.513252625608756, -216.5265698093359, -214.01331718372717
8.439999999999864, 2.5052028417799668, -216.5190389684159, -214.01383612663594
8.449999999999864, 2.537850300621339, -216.54670090699568, -214.00885060637435
8.459999999999864, 2.6166933105457155, -216.62523854739652, -214.0085452368508
8.469999999999864, 2.7457125923209644, -216.75660121763374, -214.0108886253128
8.479999999999864, 2.91949073709451, -216.93082965700512, -214.0113389199106
8.489999999999863, 3.110947247534405, -217.1240108058406, -214.01306355830621
8.499999999999863, 3.305472093825974, -217.32533460323182, -214.01986250940584
8.509999999999863, 3.489590721328755, -217.50769864545734, -214.01810792412857
8.519999999999863, 3.637395797191161, -217.65506700847607, -214.0176712112849
8.529999999999863, 3.7204107160143995, -217.73825174897598, -214.01784103296157
8.539999999999862, 3.707701347399217, -217.7232430846946, -214.01554173729537
8.549999999999862, 3.6016069048816233, -217.62014692796762, -214.018540023086
8.559999999999862, 3.4285852025218957, -217.44723496251066, -214.01864975998876
8.569999999999862, 3.2085562999006814, -217.22248671159224, -214.01393041169155
8.579999999999862, 2.9743551949963427, -216.98573344641417, -214.01137825141782
8.589999999999861, 2.775724890640863, -216.77991868903905, -214.00419379839818
8.599999999999861, 2.6324838458205657, -216.63806123206473, -214.00557738624417
8.60999999999986, 2.544049920974346, -216.54928210664687, -214.00523218567253
8.61999999999986, 2.524193790072101, -216.5303539655959, -214.0061601755238
8.62999999999986, 2.570634069643509, -216.5768027413505, -214.00616867170697
8.63999999999986, 2.676580164110353, -216.6935274552066, -214.01694729109624
8.64999999999986, 2.829641177074941, -216.84687595168614, -214.0172347746112
8.65999999999986, 2.9967525020362196, -217.01547475485074, -214.0187222528145
8.66999999999986, 3.155332905685426, -217.17390212980146, -214.01856922411605
8.67999999999986, 3.295463301724195, -217.32001776017268, -214.02455445844848
8.68999999999986, 3.409663027566036, -217.43251850606606, -214.02285547850002
8.699999999999859, 3.4937753297915832, -217.51669207718768, -214.0229167473961
8.709999999999859, 3.524104303008912, -217.5492799499977, -214.02517564698877
8.719999999999859, 3.49264119587307, -217.52160534149436, -214.0289641456213
8.729999999999858, 3.408378393809578, -217.43708454758007, -214.0287061537705
8.739999999999858, 3.2739139367211476, -217.30488046556184, -214.03096652884068
8.749999999999858, 3.109689470020737, -217.14000172550186, -214.03031225548114
8.759999999999858, 2.9260206580264083, -216.95545814081996, -214.02943748279355
8.769999999999857, 2.7363093130771126, -216.76364354863009, -214.02733423555298
8.779999999999857, 2.5553714887039742, -216.5819190005338, -214.02654751182982
8.789999999999857, 2.4004459608491895, -216.4309641983814, -214.0305182375322
8.799999999999857, 2.2881254449445887, -216.31844383962937, -214.03031839468477
8.809999999999857, 2.221900946956492, -216.2530426462992, -214.03114169934273
8.819999999999856, 2.2094180433875015, -216.23830748322206, -214.02888943983456
8.829999999999856, 2.256717813831573, -216.2852685341925, -214.02855072036093
8.839999999999856, 2.369180592625057, -216.39872948913364, -214.02954889650857
8.849999999999856, 2.543734071954863, -216.57290829068722, -214.02917421873235
8.859999999999856, 2.7663089840697612, -216.79791365854535, -214.0316046744756
8.869999999999855, 3.0098503336898643, -217.04177381509075, -214.0319234814009
8.879999999999855, 3.2405042624965765, -217.27303546760294, -214.03253120510635
8.889999999999855, 3.4338151771981966, -217.46452018955497, -214.03070501235678
8.899999999999855, 3.571145676621014, -217.60541164024343, -214.03426596362243
8.909999999999854, 3.6465629640468658, -217.68840231103846, -214.0418393469916
8.919999999999854, 3.659998641959648, -217.7018967331655, -214.04189809120587
8.929999999999854, 3.6273707911444957, -217.67465235357767, -214.04728156243317
8.939999999999854, 3.5509139900242688, -217.5952742837565, -214.04436029373224
8.949999999999854, 3.4145313237530774, -217.4594737474884, -214.04494242373534
8.959999999999853, 3.232356017166054, -217.27524479077132, -214.04288877360528
8.969999999999853, 3.0284427475481084, -217.0693715820303, -214.0409288344822
8.979999999999853, 2.8490389859417933, -216.89417475896013, -214.04513577301833
8.989999999999853, 2.734478381153589, -216.776315167282, -214.0418367861284
8.999999999999853, 2.7021577773769376, -216.74977468701218, -214.04761690963525
9.009999999999852, 2.7450988920753154, -216.79245623750262, -214.04735734542732
9.019999999999852, 2.833493131482013, -216.88549640316504, -214.05200327168302
9.029999999999852, 2.9315366445891353, -216.98307347815438, -214.05153683356525
9.039999999999852, 3.000723084872867, -217.04994145830983, -214.04921837343696
9.049999999999851, 3.0145319359446425, -217.06558638641823, -214.0510544504736
9.059999999999851, 2.9653429662551725, -217.0155679789345, -214.05022501267933
9.069999999999851, 2.879256104580213, -216.92993261506376, -214.05067651048356
9.07999999999985, 2.7822195692158007, -216.8282514140904, -214.0460318448746
9.08999999999985, 2.689500839537033, -216.73963461489672, -214.05013377535968
9.09999999999985, 2.6325334914720875, -216.6793034216285, -214.04676993015642
9.10999999999985, 2.634104434167069, -216.6803350937295, -214.04623065956244
9.11999999999985, 2.7032934509979274, -216.74967188184746, -214.04637843084953
9.12999999999985, 2.8334720057329648, -216.88291071006316, -214.04943870433019
9.13999999999985, 3.0113861695248674, -217.06168240406666, -214.0502962345418
9.14999999999985, 3.206848270040619, -217.25793592710286, -214.05108765706225
9.15999999999985, 3.3886230927766636, -217.44521642100938, -214.0565933282327
9.169999999999849, 3.5255522922355524, -217.58419188242414, -214.0586395901886
9.179999999999849, 3.590662521278906, -217.65028761781141, -214.0596250965325
9.189999999999849, 3.572232543105992, -217.63168297892523, -214.05945043581923
9.199999999999848, 3.4684387420985545, -217.5265977204278, -214.05815897832923
9.209999999999848, 3.2924391745885835, -217.35195787540772, -214.05951870081913
9.219999999999848, 3.073713468082038, -217.129161708827, -214.05544824074497
9.229999999999848, 2.836996614003533, -216.89246545826532, -214.05546884426178
9.239999999999847, 2.6086080206416433, -216.6608282790573, -214.05222025841567
9.249999999999847, 2.425416566045805, -216.47307236365458, -214.04765579760877
9.259999999999847, 2.3072296713483667, -216.35265552785748, -214.0454258565091
9.269999999999847, 2.261713914115449, -216.30399446445094, -214.04228055033548
9.279999999999847, 2.2945944603179114, -216.34019396064338, -214.04559950032547
9.289999999999846, 2.398689094859389, -216.44422557576814, -214.04553648090877
9.299999999999846, 2.553881693436714, -216.59909992166862, -214.0452182282319
9.309999999999846, 2.7405496754662813, -216.78930925465482, -214.04875957918856
9.319999999999846, 2.9408735657970744, -217.00002666896566, -214.0591531031686
9.329999999999846, 3.1281671883508055, -217.18632070343438, -214.05815351508357
9.339999999999845, 3.276909261900914, -217.33455075531916, -214.05764149341823
9.349999999999845, 3.375154035003854, -217.43244451933623, -214.05729048433238
9.359999999999845, 3.4228989757931996, -217.4813602683908, -214.0584612925976
9.369999999999845, 3.4381752594118296, -217.50533060184057, -214.06715534242875
9.379999999999844, 3.4334916265188693, -217.4919568618413, -214.05846523532242
9.389999999999844, 3.4102529494024716, -217.4678774227828, -214.05762447338034
9.399999999999844, 3.3651215743293816, -217.42347472330837, -214.058353148979
9.409999999999844, 3.2946131720040586, -217.35604501622927, -214.0614318442252
9.419999999999844, 3.2188518557033214, -217.27761509484768, -214.05876323914435
9.429999999999843, 3.1484413763607972, -217.20457430139277, -214.05613292503196
9.439999999999843, 3.069600755190068, -217.12410225722843, -214.05450150203836
9.449999999999843, 2.9918777897594793, -217.05390436100564, -214.06202657124615
9.459999999999843, 2.9221713155598827, -216.98250887497122, -214.06033755941132
9.469999999999843, 2.858083391397479, -216.9173885255991, -214.05930513420162
9.479999999999842, 2.8089481842520714, -216.86651346592652, -214.05756528167444
9.489999999999842, 2.7879200230250767, -216.84438959466854, -214.05646957164348
9.499999999999842, 2.7979174966162246, -216.85468394898814, -214.0567664523719
9.509999999999842, 2.8368258667238524, -216.89350834949036, -214.05668248276652
9.519999999999841, 2.901080223769975, -216.95741778600808, -214.0563375622381
9.529999999999841, 2.985824154444833, -217.0392916221494, -214.05346746770456
9.539999999999841, 3.085169631679118, -217.1370918109774, -214.0519221792983
9.54999999999984, 3.180597709477962, -217.23566527495444, -214.0550675654765
9.55999999999984, 3.2539364082822204, -217.30739257560836, -214.05345616732615
9.56999999999984, 3.2851667649980776, -217.33838091925924, -214.05321415426116
9.57999999999984, 3.268121316370327, -217.32127064542016, -214.05314932904983
9.58999999999984, 3.21044871874975, -217.26349809093358, -214.05304937218384
9.59999999999984, 3.12145457067555, -217.17198098095602, -214.05052641028047
9.60999999999984, 3.0272381981545653, -217.07536693747596, -214.04812873932138
9.61999999999984, 2.9503719081527637, -217.0034413485627, -214.05306944040993
9.62999999999984, 2.8967239766156667, -216.95076379374143, -214.05403981712576
9.639999999999839, 2.864101337828657, -216.9193112865287, -214.05520994870005
9.649999999999839, 2.8455986325725195, -216.9007810309399, -214.05518239836738
9.659999999999838, 2.8445916545444274, -216.9003745884386, -214.0557829338942
9.669999999999838, 2.8540102956564666, -216.90825092311545, -214.05424062745897
9.679999999999838, 2.8698310393351107, -216.9284276172067, -214.05859657787158
9.689999999999838, 2.879700566866531, -216.9377183293955, -214.05801776252898
9.699999999999838, 2.886461974687286, -216.94497390690344, -214.05851193221616
9.709999999999837, 2.89707321481942, -216.95438072753814, -214.05730751271872
9.719999999999837, 2.9000705018690907, -216.9598117024969, -214.0597412006278
9.729999999999837, 2.9034969540633973, -216.96248336673835, -214.05898641267495
9.739999999999837, 2.9152687371981343, -216.97413870615907, -214.05886996896092
9.749999999999837, 2.9326027927067373, -216.99228572995304, -214.0596829372463
9.759999999999836, 2.9572708102884, -217.01570665435398, -214.05843584406557
9.769999999999836, 3.0108322289631286, -217.07499991653756, -214.06416768757444
9.779999999999836, 3.089084047922492, -217.1534969020659, -214.06441285414343
9.789999999999836, 3.170166363432006, -217.2362036526506, -214.0660372892186
9.799999999999836, 3.251716241092852, -217.315546346864, -214.06383010577116
9.809999999999835, 3.326884119497024, -217.39395943480122, -214.06707531530418
9.819999999999835, 3.3880356432528824, -217.45295110945852, -214.06491546620563
9.829999999999835, 3.4274607435874547, -217.49644727751067, -214.0689865339232
9.839999999999835, 3.4337975102099314, -217.5038969874076, -214.07009947719766
9.849999999999834, 3.408471156745064, -217.48019548312394, -214.07172432637887
9.859999999999834, 3.3587882763751127, -217.42958993046824, -214.07080165409312
9.869999999999834, 3.2885298437658617, -217.356846632547, -214.06831678878112
9.879999999999834, 3.2047493376702074, -217.2714099631922, -214.06666062552202
9.889999999999834, 3.1167652193454995, -217.18062361006034, -214.06385839071484
9.899999999999833, 3.025583796426049, -217.08987964191084, -214.0642958454848
9.909999999999833, 2.9360003274091206, -217.00226949817417, -214.06626917076505
9.919999999999833, 2.86187275058298, -216.92918760909336, -214.06731485851037
9.929999999999833, 2.802764197726549, -216.8680148574192, -214.06525065969265
9.939999999999833, 2.7626764695458013, -216.82786004643685, -214.06518357689106
9.949999999999832, 2.7456921901184543, -216.81192610427362, -214.06623391415516
9.959999999999832, 2.7398239679042, -216.80661015167473, -214.06678618377055
9.969999999999832, 2.740162917857087, -216.80574699751915, -214.06558407966207
9.979999999999832, 2.746383951345088, -216.8097134795341, -214.06332952818903
9.989999999999831, 2.74969638604588, -216.81512298957253, -214.06542660352665
9.999999999999831, 2.7471713165368454, -216.81281704682848, -214.06564573029164
