Time, MSD
0.0, 0.0 
0.01, 3.0115136436959138e-05 
0.02, 0.00012088236710982449 
0.03, 0.00026857255220012446 
0.04, 0.0004639977926814833 
0.05, 0.0006934241610766544 
0.060000000000000005, 0.0009400212652660041 
0.07, 0.0011857509583375523 
0.08, 0.0014134897528155128 
0.09, 0.0016091194789313384 
0.09999999999999999, 0.0017631677847843906 
0.10999999999999999, 0.0018716124948922454 
0.11999999999999998, 0.0019357387233065186 
0.12999999999999998, 0.0019611767768456575 
0.13999999999999999, 0.001956539654436763 
0.15, 0.001931729793695764 
0.16, 0.0018962406908289901 
0.17, 0.0018580752327666476 
0.18000000000000002, 0.0018231557653374318 
0.19000000000000003, 0.0017953510303612829 
0.20000000000000004, 0.0017768749503617946 
0.21000000000000005, 0.0017684023592773354 
0.22000000000000006, 0.0017691698583250006 
0.23000000000000007, 0.0017773601022436267 
0.24000000000000007, 0.001790247172646962 
0.25000000000000006, 0.0018043973798917764 
0.26000000000000006, 0.00181583544129372 
0.2700000000000001, 0.0018202586487634804 
0.2800000000000001, 0.0018135592931527128 
0.2900000000000001, 0.001792262188923192 
0.3000000000000001, 0.0017539935042208232 
0.3100000000000001, 0.0016979562996834948 
0.3200000000000001, 0.0016253181516957575 
0.3300000000000001, 0.001539201830719585 
0.34000000000000014, 0.0014442781889068132 
0.35000000000000014, 0.001346302200739613 
0.36000000000000015, 0.001251576292369817 
0.37000000000000016, 0.001166264019840952 
0.38000000000000017, 0.0010958586881981962 
0.3900000000000002, 0.0010442333884764531 
0.4000000000000002, 0.0010129310379588126 
0.4100000000000002, 0.0010012458271605486 
0.4200000000000002, 0.0010063759450435186 
0.4300000000000002, 0.0010240046806717928 
0.4400000000000002, 0.0010494149036559778 
0.45000000000000023, 0.001078461173364142 
0.46000000000000024, 0.001108259595563356 
0.47000000000000025, 0.0011377153341082453 
0.48000000000000026, 0.001167532232050252 
0.49000000000000027, 0.0011996954971698714 
0.5000000000000002, 0.0012365582807745874 
0.5100000000000002, 0.0012802783339970923 
0.5200000000000002, 0.0013324618328893094 
0.5300000000000002, 0.001393565953841594 
0.5400000000000003, 0.0014629103236892213 
0.5500000000000003, 0.0015388575767971888 
0.5600000000000003, 0.0016187537458623113 
0.5700000000000003, 0.0016990270413734109 
0.5800000000000003, 0.0017754637251518992 
0.5900000000000003, 0.001843773653305855 
0.6000000000000003, 0.0019002380434462029 
0.6100000000000003, 0.0019423158302793017 
0.6200000000000003, 0.0019692364112378668 
0.6300000000000003, 0.001982141612587519 
0.6400000000000003, 0.0019839318473836203 
0.6500000000000004, 0.0019787356621898044 
0.6600000000000004, 0.0019711218070256067 
0.6700000000000004, 0.0019651569159028124 
0.6800000000000004, 0.0019636830899177715 
0.6900000000000004, 0.0019678808335139002 
0.7000000000000004, 0.001977019762989737 
0.7100000000000004, 0.001988672747557493 
0.7200000000000004, 0.001999147004513084 
0.7300000000000004, 0.002004026812448233 
0.7400000000000004, 0.0019990280198316666 
0.7500000000000004, 0.0019807781195236218 
0.7600000000000005, 0.0019475182598402063 
0.7700000000000005, 0.0018992710973965395 
0.7800000000000005, 0.0018378202566143597 
0.7900000000000005, 0.001766327489225712 
0.8000000000000005, 0.0016886639254099017 
0.8100000000000005, 0.0016088902628253901 
0.8200000000000005, 0.0015306557736041505 
0.8300000000000005, 0.001456527223470988 
0.8400000000000005, 0.0013881088432616713 
0.8500000000000005, 0.0013262211256923119 
0.8600000000000005, 0.001271286478422272 
0.8700000000000006, 0.0012239839098457726 
0.8800000000000006, 0.0011855382558604523 
0.8900000000000006, 0.001157284766399166 
0.9000000000000006, 0.001140651239259779 
0.9100000000000006, 0.0011368487053442372 
0.9200000000000006, 0.0011465773109075022 
0.9300000000000006, 0.0011698082527935008 
0.9400000000000006, 0.0012057102150588017 
0.9500000000000006, 0.0012525727045705776 
0.9600000000000006, 0.0013077738055249245 
0.9700000000000006, 0.001367999741879267 
0.9800000000000006, 0.0014298911224908393 
0.9900000000000007, 0.0014902545708483064 
1.0000000000000007, 0.0015461336268750541 
1.0100000000000007, 0.0015948478631097132 
1.0200000000000007, 0.0016341897991217608 
1.0300000000000007, 0.001662719953193597 
1.0400000000000007, 0.001680034201556573 
1.0500000000000007, 0.0016869426016006917 
1.0600000000000007, 0.0016854973551801108 
1.0700000000000007, 0.0016787248521526665 
1.0800000000000007, 0.0016705497973818178 
1.0900000000000007, 0.00166520685330757 
1.1000000000000008, 0.0016662879894948366 
1.1100000000000008, 0.0016761967234340666 
1.1200000000000008, 0.0016957936082478266 
1.1300000000000008, 0.001724197960640883 
1.1400000000000008, 0.0017590239762813173 
1.1500000000000008, 0.0017966850452738909 
1.1600000000000008, 0.001832763733810944 
1.1700000000000008, 0.001862612889572218 
1.1800000000000008, 0.0018818924882051014 
1.1900000000000008, 0.001887044100473481 
1.2000000000000008, 0.00187564968549275 
1.2100000000000009, 0.001846694178652103 
1.2200000000000009, 0.0018005856246092514 
1.2300000000000009, 0.0017388902661774064 
1.2400000000000009, 0.0016641687454525525 
1.2500000000000009, 0.0015798131097456277 
1.260000000000001, 0.0014897807075529767 
1.270000000000001, 0.0013985271544855044 
1.280000000000001, 0.0013106693100478043 
1.290000000000001, 0.0012308209261750673 
1.300000000000001, 0.0011632520978805002 
1.310000000000001, 0.0011115268996376886 
1.320000000000001, 0.0010783814240155009 
1.330000000000001, 0.001065392903870745 
1.340000000000001, 0.0010728410535274205 
1.350000000000001, 0.001099528718865249 
1.360000000000001, 0.001142399676859911 
1.370000000000001, 0.0011968221758022941 
1.380000000000001, 0.001257181255985975 
1.390000000000001, 0.0013180451392412163 
1.400000000000001, 0.0013754534861834177 
1.410000000000001, 0.0014273896690497655 
1.420000000000001, 0.0014735049102215132 
1.430000000000001, 0.001514584678814008 
1.440000000000001, 0.0015520138734727766 
1.450000000000001, 0.0015870971887430882 
1.460000000000001, 0.0016205177909127601 
1.470000000000001, 0.0016522564207660595 
1.480000000000001, 0.0016815183600451165 
1.490000000000001, 0.001706887644064366 
1.500000000000001, 0.001726691608229458 
1.5100000000000011, 0.0017392917200023663 
1.5200000000000011, 0.0017433107860282005 
1.5300000000000011, 0.0017377842411217376 
1.5400000000000011, 0.0017224776122637254 
1.5500000000000012, 0.001698104146891604 
1.5600000000000012, 0.0016662406999901173 
1.5700000000000012, 0.0016291251749127114 
1.5800000000000012, 0.001589461992924392 
1.5900000000000012, 0.001549993252507706 
1.6000000000000012, 0.0015131338944799804 
1.6100000000000012, 0.001480856837302095 
1.6200000000000012, 0.0014544395512909997 
1.6300000000000012, 0.0014345521249833652 
1.6400000000000012, 0.0014210346688116353 
1.6500000000000012, 0.0014128776050039522 
1.6600000000000013, 0.0014085884078819848 
1.6700000000000013, 0.001406578997410059 
1.6800000000000013, 0.0014054075391260804 
1.6900000000000013, 0.0014039509903221443 
1.7000000000000013, 0.001401400541471092 
1.7100000000000013, 0.0013971974806493187 
1.7200000000000013, 0.0013908174595122166 
1.7300000000000013, 0.001381580568923652 
1.7400000000000013, 0.0013689951044648448 
1.7500000000000013, 0.0013528294787648286 
1.7600000000000013, 0.0013333598938089605 
1.7700000000000014, 0.001311623722299558 
1.7800000000000014, 0.0012894649795453278 
1.7900000000000014, 0.0012693880216652562 
1.8000000000000014, 0.0012543119257639114 
1.8100000000000014, 0.0012473894520962938 
1.8200000000000014, 0.0012513066954832103 
1.8300000000000014, 0.0012677805815556678 
1.8400000000000014, 0.0012974906531407332 
1.8500000000000014, 0.0013403870375155956 
1.8600000000000014, 0.0013952784461242049 
1.8700000000000014, 0.0014597228141053997 
1.8800000000000014, 0.0015303369379512895 
1.8900000000000015, 0.0016031649485239662 
1.9000000000000015, 0.0016739874344588433 
1.9100000000000015, 0.0017386230381182667 
1.9200000000000015, 0.0017934669191633024 
1.9300000000000015, 0.0018360999404450399 
1.9400000000000015, 0.001865673577767989 
1.9500000000000015, 0.0018830630898426235 
1.9600000000000015, 0.0018905374135289572 
1.9700000000000015, 0.0018910192330074877 
1.9800000000000015, 0.0018873404651551901 
1.9900000000000015, 0.0018818668317319976 
2.0000000000000013, 0.0018759830955621388 
2.010000000000001, 0.001869709141578102 
2.020000000000001, 0.0018617565253750631 
2.0300000000000007, 0.0018498306006438103 
2.0400000000000005, 0.0018310257536169336 
2.0500000000000003, 0.001802553486127536 
2.06, 0.0017625767336824436 
2.07, 0.001710803518293944 
2.0799999999999996, 0.0016487834439347815 
2.0899999999999994, 0.001579847273056855 
2.099999999999999, 0.001508672115643663 
2.109999999999999, 0.0014407053624537042 
2.1199999999999988, 0.001381222850817615 
2.1299999999999986, 0.0013344776537294388 
2.1399999999999983, 0.0013028693507582834 
2.149999999999998, 0.0012867156558914205 
2.159999999999998, 0.001284478010453482 
2.1699999999999977, 0.0012930645114425014 
2.1799999999999975, 0.0013083812624851746 
2.1899999999999973, 0.0013261420582301462 
2.199999999999997, 0.001342559614141662 
2.209999999999997, 0.0013551050286034114 
2.2199999999999966, 0.0013628922132006356 
2.2299999999999964, 0.0013665704500809923 
2.239999999999996, 0.0013681926938816224 
2.249999999999996, 0.001370666605341776 
2.259999999999996, 0.001377059440781079 
2.2699999999999956, 0.001389704601506265 
2.2799999999999954, 0.0014098741537784962 
2.289999999999995, 0.0014378399375327494 
2.299999999999995, 0.0014729922227850304 
2.3099999999999947, 0.0015142402456101006 
2.3199999999999945, 0.0015601612514907065 
2.3299999999999943, 0.0016091493933684615 
2.339999999999994, 0.0016595170471979147 
2.349999999999994, 0.0017093797702608152 
2.3599999999999937, 0.0017566967017136766 
2.3699999999999934, 0.001799439908531154 
2.3799999999999932, 0.0018360097069387508 
2.389999999999993, 0.0018655969429224126 
2.399999999999993, 0.0018882538664624924 
2.4099999999999926, 0.0019045438789672498 
2.4199999999999924, 0.0019152449300301772 
2.429999999999992, 0.0019210924457937664 
2.439999999999992, 0.0019223070449878633 
2.4499999999999917, 0.0019185938703663165 
2.4599999999999915, 0.0019092335042897 
2.4699999999999913, 0.0018931257580290363 
2.479999999999991, 0.0018692289241940907 
2.489999999999991, 0.0018368450817641676 
2.4999999999999907, 0.0017958325352510878 
2.5099999999999905, 0.0017466457816399333 
2.5199999999999902, 0.0016903120280492262 
2.52999999999999, 0.0016284594311978481 
2.53999999999999, 0.0015633212672884428 
2.5499999999999896, 0.0014977815903049131 
2.5599999999999894, 0.0014351167614719796 
2.569999999999989, 0.0013787053499567734 
2.579999999999989, 0.0013318573338326454 
2.5899999999999888, 0.0012974735593394597 
2.5999999999999885, 0.0012777580047924491 
2.6099999999999883, 0.0012740766764776355 
2.619999999999988, 0.0012871995985630348 
2.629999999999988, 0.0013171479313172985 
2.6399999999999877, 0.0013629578817486237 
2.6499999999999875, 0.0014228918557301763 
2.6599999999999873, 0.001494440825911407 
2.669999999999987, 0.0015744770597631757 
2.679999999999987, 0.0016591799083565148 
2.6899999999999866, 0.0017441111772245252 
2.6999999999999864, 0.0018244804671615135 
2.709999999999986, 0.0018954600388276879 
2.719999999999986, 0.001952669205220786 
2.7299999999999858, 0.001992918270767481 
2.7399999999999856, 0.0020145895507287124 
2.7499999999999853, 0.0020177813189325555 
2.759999999999985, 0.0020044198334354764 
2.769999999999985, 0.0019777486644646245 
2.7799999999999847, 0.0019419507607905946 
2.7899999999999845, 0.0019016821588730272 
2.7999999999999843, 0.0018614710580763308 
2.809999999999984, 0.0018249515413247643 
2.819999999999984, 0.0017945686859114358 
2.8299999999999836, 0.0017712644984887696 
2.8399999999999834, 0.0017543541631004009 
2.849999999999983, 0.0017418622256154094 
2.859999999999983, 0.0017308808063668808 
2.869999999999983, 0.0017179755859737982 
2.8799999999999826, 0.0016998099035401243 
2.8899999999999824, 0.0016739369338587239 
2.899999999999982, 0.0016393695742213036 
2.909999999999982, 0.0015968286523469163 
2.9199999999999817, 0.0015486292787543602 
2.9299999999999815, 0.0014981493674494665 
2.9399999999999813, 0.001449382442936786 
2.949999999999981, 0.001406215245989334 
2.959999999999981, 0.0013718869432147525 
2.9699999999999807, 0.001348622598059837 
2.9799999999999804, 0.001337835754776877 
2.9899999999999802, 0.0013403493751305677 
2.99999999999998, 0.0013562104978136738 
3.00999999999998, 0.0013845486344341493 
3.0199999999999796, 0.0014238252421330802 
3.0299999999999794, 0.0014719447144081268 
3.039999999999979, 0.0015261512106189376 
3.049999999999979, 0.001582768646126487 
3.0599999999999787, 0.0016374791481496638 
3.0699999999999785, 0.001685879090914833 
3.0799999999999783, 0.001724269372203656 
3.089999999999978, 0.0017499104864519232 
3.099999999999978, 0.0017612574770899776 
3.1099999999999777, 0.0017580860409333449 
3.1199999999999775, 0.0017415037648261693 
3.1299999999999772, 0.0017136597447218133 
3.139999999999977, 0.0016772199636183917 
3.149999999999977, 0.0016350687609641627 
3.1599999999999766, 0.0015904139972097006 
3.1699999999999764, 0.0015466802117126708 
3.179999999999976, 0.0015072264660237471 
3.189999999999976, 0.0014750510103121166 
3.1999999999999758, 0.0014524617165182477 
3.2099999999999755, 0.0014409505154933115 
3.2199999999999753, 0.0014411593617711378 
3.229999999999975, 0.0014530095146952603 
3.239999999999975, 0.0014756122538437404 
3.2499999999999747, 0.0015075070257638834 
3.2599999999999745, 0.0015466660351434645 
3.2699999999999743, 0.0015902127318953407 
3.279999999999974, 0.0016345817659030554 
3.289999999999974, 0.0016758601580042535 
3.2999999999999736, 0.0017101668270563116 
3.3099999999999734, 0.001734145032571036 
3.319999999999973, 0.0017454772965601367 
3.329999999999973, 0.0017432789241521676 
3.3399999999999728, 0.0017285159832444313 
3.3499999999999726, 0.0017037946151941801 
3.3599999999999723, 0.0016726438605873233 
3.369999999999972, 0.001638718214960134 
3.379999999999972, 0.0016050664886393682 
3.3899999999999717, 0.0015735648937429813 
3.3999999999999715, 0.0015446649239064002 
3.4099999999999713, 0.0015178630654265398 
3.419999999999971, 0.0014921961177829922 
3.429999999999971, 0.001466613171404768 
3.4399999999999706, 0.0014405636966375677 
3.4499999999999704, 0.001414510025267888 
3.45999999999997, 0.0013900406460094694 
3.46999999999997, 0.0013698094186596784 
3.47999999999997, 0.0013570454511025688 
3.4899999999999696, 0.0013550550965639014 
3.4999999999999694, 0.001366573870044798 
3.509999999999969, 0.001393297353380837 
3.519999999999969, 0.0014356523600375201 
3.5299999999999687, 0.00149243861891666 
3.5399999999999685, 0.0015607719167961439 
3.5499999999999683, 0.0016366301317422916 
3.559999999999968, 0.0017152700116491596 
3.569999999999968, 0.0017918241949901582 
3.5799999999999677, 0.0018619746095297452 
3.5899999999999674, 0.0019224543818048697 
3.5999999999999672, 0.0019714517684879048 
3.609999999999967, 0.002008631461478525 
3.619999999999967, 0.0020348103917264024 
3.6299999999999666, 0.002051456560834306 
3.6399999999999664, 0.002060256665044198 
3.649999999999966, 0.0020625415585777884 
3.659999999999966, 0.0020590717102239426 
3.6699999999999657, 0.0020502931206782685 
3.6799999999999655, 0.002036444185183477 
3.6899999999999653, 0.0020176308272777423 
3.699999999999965, 0.0019939429831374988 
3.709999999999965, 0.001965552196314488 
3.7199999999999647, 0.0019327093001809295 
3.7299999999999645, 0.0018956317461240684 
3.7399999999999642, 0.0018545285251580787 
3.749999999999964, 0.0018095444206023144 
3.759999999999964, 0.001760728696442231 
3.7699999999999636, 0.0017083891738630397 
3.7799999999999634, 0.0016533424425329633 
3.789999999999963, 0.0015969408378768337 
3.799999999999963, 0.001541155964489146 
3.8099999999999627, 0.001488405103467977 
3.8199999999999625, 0.0014412606841853208 
3.8299999999999623, 0.0014020850584870149 
3.839999999999962, 0.0013725978929513664 
3.849999999999962, 0.0013536411911000599 
3.8599999999999617, 0.0013452586888483217 
3.8699999999999615, 0.00134678262461905 
3.8799999999999613, 0.0013572288255420133 
3.889999999999961, 0.0013755892501441708 
3.899999999999961, 0.0014007745730132096 
3.9099999999999606, 0.001431522815519157 
3.9199999999999604, 0.0014664459074264678 
3.92999999999996, 0.0015042609664898208 
3.93999999999996, 0.0015437927120904586 
3.9499999999999598, 0.0015839221978260925 
3.9599999999999596, 0.001624062550796408 
3.9699999999999593, 0.0016638896335750592 
3.979999999999959, 0.0017031098078346123 
3.989999999999959, 0.001741370747196699 
3.9999999999999587, 0.0017783887062545636 
4.009999999999959, 0.0018141363695792767 
4.019999999999959, 0.0018486374955604943 
4.0299999999999585, 0.0018819613335572904 
4.039999999999958, 0.001914120700842597 
4.049999999999958, 0.0019448392829568427 
4.059999999999958, 0.0019733416985790106 
4.069999999999958, 0.0019984044809543524 
4.079999999999957, 0.0020183323931365184 
4.089999999999957, 0.0020310778312630424 
4.099999999999957, 0.002034646843623634 
4.109999999999957, 0.002027274508176831 
4.119999999999957, 0.002007550835029956 
4.129999999999956, 0.0019746951886497307 
4.139999999999956, 0.0019287303039676289 
4.149999999999956, 0.001870541487842363 
4.159999999999956, 0.0018019460188667387 
4.1699999999999555, 0.001725499774356871 
4.179999999999955, 0.0016443477368814135 
4.189999999999955, 0.0015620245970644406 
4.199999999999955, 0.00148213304901122 
4.209999999999955, 0.001407922620491546 
4.2199999999999545, 0.0013420610005840188 
4.229999999999954, 0.001286378389400911 
4.239999999999954, 0.001241977064412378 
4.249999999999954, 0.0012091929130844895 
4.259999999999954, 0.0011877259176597064 
4.269999999999953, 0.0011770681358893075 
4.279999999999953, 0.0011765124134920013 
4.289999999999953, 0.001185643496031948 
4.299999999999953, 0.0012045253628388413 
4.3099999999999525, 0.0012331730885142532 
4.319999999999952, 0.0012712890463925034 
4.329999999999952, 0.0013181440703142287 
4.339999999999952, 0.0013725033302340428 
4.349999999999952, 0.0014323974585554937 
4.3599999999999515, 0.0014950218769434684 
4.369999999999951, 0.0015569568468885224 
4.379999999999951, 0.0016147327515522033 
4.389999999999951, 0.0016652758677691054 
4.399999999999951, 0.0017063535323981133 
4.40999999999995, 0.0017370476716920596 
4.41999999999995, 0.0017577698231324875 
4.42999999999995, 0.001770098512371922 
4.43999999999995, 0.0017764260501926094 
4.4499999999999496, 0.0017794214344012006 
4.459999999999949, 0.0017814383374471514 
4.469999999999949, 0.0017841811579311657 
4.479999999999949, 0.0017883706236468979 
4.489999999999949, 0.0017936992920001584 
4.4999999999999485, 0.0017988346529632484 
4.509999999999948, 0.0018012538073355218 
4.519999999999948, 0.001797677082653249 
4.529999999999948, 0.0017847561267566718 
4.539999999999948, 0.001759929476138649 
4.549999999999947, 0.001721931663579757 
4.559999999999947, 0.001670979816349444 
4.569999999999947, 0.0016089121661739952 
4.579999999999947, 0.0015389980045736234 
4.589999999999947, 0.0014655980593326703 
4.599999999999946, 0.0013935623149560553 
4.609999999999946, 0.0013273379037153585 
4.619999999999946, 0.0012706622159532122 
4.629999999999946, 0.0012264435503238945 
4.6399999999999455, 0.0011966303848057213 
4.649999999999945, 0.0011821799256347331 
4.659999999999945, 0.0011829310134328262 
4.669999999999945, 0.0011976017695434743 
4.679999999999945, 0.0012238356479161848 
4.689999999999944, 0.0012584581159358413 
4.699999999999944, 0.0012978660706966713 
4.709999999999944, 0.001338308121770954 
4.719999999999944, 0.0013765340927742661 
4.729999999999944, 0.0014102718986063463 
4.739999999999943, 0.0014380896383405734 
4.749999999999943, 0.001459540722429078 
4.759999999999943, 0.0014755300165805443 
4.769999999999943, 0.001487833843118477 
4.7799999999999425, 0.0014983045510028417 
4.789999999999942, 0.0015084976714809229 
4.799999999999942, 0.001519386387745712 
4.809999999999942, 0.0015312869222425464 
4.819999999999942, 0.001544190971915117 
4.8299999999999415, 0.0015579234598384402 
4.839999999999941, 0.0015722383141256496 
4.849999999999941, 0.0015869406095121732 
4.859999999999941, 0.001601815241828496 
4.869999999999941, 0.0016164605429130495 
4.87999999999994, 0.0016299991440246 
4.88999999999994, 0.0016410590753670258 
4.89999999999994, 0.0016481061528563778 
4.90999999999994, 0.001649613225337133 
4.9199999999999395, 0.0016442810992599631 
4.929999999999939, 0.0016314763525714525 
4.939999999999939, 0.0016118562584931724 
4.949999999999939, 0.00158732960278622 
4.959999999999939, 0.0015607761945433216 
4.9699999999999385, 0.0015358355119108977 
4.979999999999938, 0.0015162364530592694 
4.989999999999938, 0.0015049382878860446 
4.999999999999938, 0.0015034806725582532 
5.009999999999938, 0.0015117670209300038 
5.019999999999937, 0.0015280665785787169 
5.029999999999937, 0.0015489715368571693 
5.039999999999937, 0.0015698793129632438 
5.049999999999937, 0.001585743725089418 
5.0599999999999365, 0.0015918451519406354 
5.069999999999936, 0.001584604414832257 
5.079999999999936, 0.0015623373007774483 
5.089999999999936, 0.0015257115717093096 
5.099999999999936, 0.001477568998235816 
5.1099999999999355, 0.0014226197271001596 
5.119999999999935, 0.0013666348213640452 
5.129999999999935, 0.0013154528314537174 
5.139999999999935, 0.0012742209542355605 
5.149999999999935, 0.0012468645877514093 
5.159999999999934, 0.0012357083118009738 
5.169999999999934, 0.0012413777983965196 
5.179999999999934, 0.0012627721406452165 
5.189999999999934, 0.0012973002983503175 
5.199999999999934, 0.0013411766133717322 
5.209999999999933, 0.0013897188947644748 
5.219999999999933, 0.0014380302131738153 
5.229999999999933, 0.0014814885857722944 
5.239999999999933, 0.0015162200410882888 
5.2499999999999325, 0.0015398831340255432 
5.259999999999932, 0.0015517297437228571 
5.269999999999932, 0.001552261615709963 
5.279999999999932, 0.001543226126106898 
5.289999999999932, 0.0015274952713041608 
5.299999999999931, 0.0015087212458925292 
5.309999999999931, 0.0014907606299687218 
5.319999999999931, 0.0014771419568790683 
5.329999999999931, 0.0014704225306362126 
5.339999999999931, 0.0014715238806673188 
5.34999999999993, 0.001479510161373073 
5.35999999999993, 0.0014917026174287177 
5.36999999999993, 0.0015046108029299799 
5.37999999999993, 0.0015146200233994093 
5.3899999999999295, 0.0015183112516462935 
5.399999999999929, 0.0015132922838978122 
5.409999999999929, 0.0014987943339388296 
5.419999999999929, 0.0014756608359230159 
5.429999999999929, 0.0014460489793079792 
5.4399999999999284, 0.0014128057313559823 
5.449999999999928, 0.001378819871189838 
5.459999999999928, 0.0013466878461819418 
5.469999999999928, 0.0013184165925982725 
5.479999999999928, 0.0012951296691816785 
5.489999999999927, 0.0012771703107030683 
5.499999999999927, 0.001264333583928734 
5.509999999999927, 0.0012559877780791281 
5.519999999999927, 0.0012514467720049736 
5.5299999999999265, 0.0012501436333605441 
5.539999999999926, 0.001251760163397958 
5.549999999999926, 0.0012564374801294763 
5.559999999999926, 0.0012645270401951086 
5.569999999999926, 0.0012765287235970424 
5.5799999999999255, 0.001293037418327656 
5.589999999999925, 0.0013145795170593784 
5.599999999999925, 0.0013413899705730038 
5.609999999999925, 0.001373136943509915 
5.619999999999925, 0.001409013436495723 
5.629999999999924, 0.0014477039811677018 
5.639999999999924, 0.0014876172064830421 
5.649999999999924, 0.0015272587547701833 
5.659999999999924, 0.0015655217188041532 
5.6699999999999235, 0.0016017924716459414 
5.679999999999923, 0.0016357833705969399 
5.689999999999923, 0.0016674036652753836 
5.699999999999923, 0.0016964157994044315 
5.709999999999923, 0.0017219480062563696 
5.7199999999999225, 0.0017424059439031898 
5.729999999999922, 0.0017556486382326174 
5.739999999999922, 0.0017594528914279897 
5.749999999999922, 0.001751951285043973 
5.759999999999922, 0.0017321333075801292 
5.769999999999921, 0.0017002218604404535 
5.779999999999921, 0.0016577977539495633 
5.789999999999921, 0.0016074369556978345 
5.799999999999921, 0.0015524871209042957 
5.809999999999921, 0.001496414498910238 
5.81999999999992, 0.0014420277262708785 
5.82999999999992, 0.0013910740930412771 
5.83999999999992, 0.0013442238785612694 
5.84999999999992, 0.001301316996965593 
5.8599999999999195, 0.0012620168722230762 
5.869999999999919, 0.001226381392001066 
5.879999999999919, 0.0011947424362144254 
5.889999999999919, 0.001168110761447863 
5.899999999999919, 0.0011479542891318648 
5.909999999999918, 0.0011359684094949475 
5.919999999999918, 0.0011338032918252262 
5.929999999999918, 0.0011427422737478412 
5.939999999999918, 0.001163275723502167 
5.949999999999918, 0.0011950236372780638 
5.959999999999917, 0.0012367183814496596 
5.969999999999917, 0.0012859928240965715 
5.979999999999917, 0.0013400796757507313 
5.989999999999917, 0.0013960907097950051 
5.9999999999999165, 0.0014508292634312786 
6.009999999999916, 0.0015014912369804938 
6.019999999999916, 0.0015463437469035034 
6.029999999999916, 0.0015848361300244884 
6.039999999999916, 0.001617695891325206 
6.0499999999999154, 0.0016468038910010384 
6.059999999999915, 0.0016747005358915754 
6.069999999999915, 0.0017040573686127852 
6.079999999999915, 0.001737133330425732 
6.089999999999915, 0.0017752288275102487 
6.099999999999914, 0.0018182017362334193 
6.109999999999914, 0.001864486257093856 
6.119999999999914, 0.0019116272643459312 
6.129999999999914, 0.001956719516540449 
6.1399999999999135, 0.0019966748002768152 
6.149999999999913, 0.002028670782854392 
6.159999999999913, 0.002050295453671712 
6.169999999999913, 0.002059490120427388 
6.179999999999913, 0.002054752119436941 
6.1899999999999125, 0.0020352238495786362 
6.199999999999912, 0.0020009610196700554 
6.209999999999912, 0.0019530620129208497 
6.219999999999912, 0.0018933492552550438 
6.229999999999912, 0.001824261856399546 
6.239999999999911, 0.0017485192811697637 
6.249999999999911, 0.001668975944740567 
6.259999999999911, 0.0015886067314474107 
6.269999999999911, 0.0015103489725274714 
6.2799999999999105, 0.001437336412273876 
6.28999999999991, 0.0013729447188080978 
6.29999999999991, 0.0013204736501464557 
6.30999999999991, 0.001282623710042578 
6.31999999999991, 0.0012612565004546728 
6.3299999999999095, 0.001257229394170384 
6.339999999999909, 0.0012705405992549466 
6.349999999999909, 0.0013005675175396618 
6.359999999999909, 0.0013456345072449128 
6.369999999999909, 0.0014031292391820684 
6.379999999999908, 0.0014697023190809086 
6.389999999999908, 0.001541391582493629 
6.399999999999908, 0.0016139403489674842 
6.409999999999908, 0.0016832368894092306 
6.419999999999908, 0.0017457718043442727 
6.429999999999907, 0.0017987739661845651 
6.439999999999907, 0.001840528695876473 
6.449999999999907, 0.0018704160895530245 
6.459999999999907, 0.0018886166884038815 
6.4699999999999065, 0.0018958894182105083 
6.479999999999906, 0.001893692879248381 
6.489999999999906, 0.0018842340298557566 
6.499999999999906, 0.0018702706845567028 
6.509999999999906, 0.0018546095339653876 
6.519999999999905, 0.0018399878751140916 
6.529999999999905, 0.0018288597054827043 
6.539999999999905, 0.001822989383005463 
6.549999999999905, 0.0018231523958674673 
6.559999999999905, 0.0018292662788163263 
6.569999999999904, 0.001840551824235205 
6.579999999999904, 0.0018554286099851667 
6.589999999999904, 0.0018718878348890505 
6.599999999999904, 0.0018875504222906924 
6.6099999999999035, 0.001899694043760546 
6.619999999999903, 0.001905519345984614 
6.629999999999903, 0.0019026955591496019 
6.639999999999903, 0.0018900053463401592 
6.649999999999903, 0.0018673157631369215 
6.659999999999902, 0.0018355863851231774 
6.669999999999902, 0.0017967345230170356 
6.679999999999902, 0.0017534448033906535 
6.689999999999902, 0.0017089838704735267 
6.699999999999902, 0.001667048493745461 
6.709999999999901, 0.001631412917056812 
6.719999999999901, 0.0016053571546527567 
6.729999999999901, 0.0015913150016936674 
6.739999999999901, 0.0015904433067853994 
6.7499999999999005, 0.001602414034232013 
6.7599999999999, 0.0016257125564103066 
6.7699999999999, 0.001657967350569233 
6.7799999999999, 0.0016962783009604402 
6.7899999999999, 0.0017376777597933872 
6.7999999999998995, 0.0017794485394621701 
6.809999999999899, 0.0018191399312136702 
6.819999999999899, 0.0018547674966599645 
6.829999999999899, 0.0018849470356947715 
6.839999999999899, 0.0019089129078265637 
6.849999999999898, 0.0019265045269164524 
6.859999999999898, 0.0019379825919941596 
6.869999999999898, 0.001943851168303764 
6.879999999999898, 0.0019446594687290227 
6.8899999999998975, 0.001940761103854163 
6.899999999999897, 0.0019326970899955767 
6.909999999999897, 0.001921105911743759 
6.919999999999897, 0.0019063095813777328 
6.929999999999897, 0.0018887539615981778 
6.9399999999998965, 0.0018694070120502946 
6.949999999999896, 0.0018494572680028592 
6.959999999999896, 0.0018301175354304374 
6.969999999999896, 0.0018126998711482812 
6.979999999999896, 0.0017985838327818267 
6.989999999999895, 0.001789157360222049 
6.999999999999895, 0.0017854034999820105 
7.009999999999895, 0.0017877417308675824 
7.019999999999895, 0.0017958865577261353 
7.0299999999998946, 0.001808882153771012 
7.039999999999894, 0.0018252237258134596 
7.049999999999894, 0.0018430620084196475 
7.059999999999894, 0.0018604652122333066 
7.069999999999894, 0.0018755752929728866 
7.0799999999998935, 0.0018869385973810696 
7.089999999999893, 0.0018935508380218925 
7.099999999999893, 0.0018943098560548553 
7.109999999999893, 0.0018881110899371732 
7.119999999999893, 0.0018741456708644291 
7.129999999999892, 0.0018520172865805708 
7.139999999999892, 0.0018219873842479715 
7.149999999999892, 0.0017853439441811523 
7.159999999999892, 0.001744299179935041 
7.169999999999892, 0.0017017644468266136 
7.179999999999891, 0.001660979776835027 
7.189999999999891, 0.001625023158713783 
7.199999999999891, 0.0015962898120466867 
7.209999999999891, 0.001576241789531751 
7.2199999999998905, 0.001565320715769968 
7.22999999999989, 0.0015628779265327364 
7.23999999999989, 0.0015674957687741248 
7.24999999999989, 0.0015774221375370108 
7.25999999999989, 0.0015905309110118494 
7.269999999999889, 0.0016043716104026285 
7.279999999999889, 0.001616335342743732 
7.289999999999889, 0.001623774559141486 
7.299999999999889, 0.0016242147168866903 
7.309999999999889, 0.0016156937440641678 
7.319999999999888, 0.0015971803304051905 
7.329999999999888, 0.001568939088050795 
7.339999999999888, 0.0015328454205032792 
7.349999999999888, 0.0014921204772251266 
7.3599999999998875, 0.0014509505573901977 
7.369999999999887, 0.0014143551629960268 
7.379999999999887, 0.0013877315194914766 
7.389999999999887, 0.0013759279464691321 
7.399999999999887, 0.001382676375691538 
7.4099999999998865, 0.0014101087492066915 
7.419999999999886, 0.001458294789212744 
7.429999999999886, 0.001525009027441458 
7.439999999999886, 0.0016060003963575045 
7.449999999999886, 0.0016953997391126738 
7.459999999999885, 0.0017859183012162102 
7.469999999999885, 0.0018696920394764367 
7.479999999999885, 0.0019392885519177025 
7.489999999999885, 0.00198877737608682 
7.4999999999998845, 0.002014440608603093 
7.509999999999884, 0.002015147071788192 
7.519999999999884, 0.0019923161437647597 
7.529999999999884, 0.0019494622607031764 
7.539999999999884, 0.0018916484688806107 
7.5499999999998835, 0.001824668514286041 
7.559999999999883, 0.0017543540155227349 
7.569999999999883, 0.0016862615881402263 
7.579999999999883, 0.0016252057687331227 
7.589999999999883, 0.0015751073763620236 
7.599999999999882, 0.00153902346713334 
7.609999999999882, 0.0015189502106453957 
7.619999999999882, 0.0015155351251667304 
7.629999999999882, 0.0015278740457156286 
7.6399999999998816, 0.0015537152929098854 
7.649999999999881, 0.0015899426201048082 
7.659999999999881, 0.0016332106363800409 
7.669999999999881, 0.0016803024745252904 
7.679999999999881, 0.0017282238695130803 
7.6899999999998805, 0.0017741038078400238 
7.69999999999988, 0.0018153097023705662 
7.70999999999988, 0.0018497804162516509 
7.71999999999988, 0.0018762071005284083 
7.72999999999988, 0.0018941403387366669 
7.739999999999879, 0.0019037578461513424 
7.749999999999879, 0.0019055228856681649 
7.759999999999879, 0.0018999872895061303 
7.769999999999879, 0.0018876090436455318 
7.779999999999879, 0.0018688197487970143 
7.789999999999878, 0.001844336366686515 
7.799999999999878, 0.0018152966417305499 
7.809999999999878, 0.0017829976432268769 
7.819999999999878, 0.001749006981208888 
7.8299999999998775, 0.0017152026676373346 
7.839999999999877, 0.0016837488502497618 
7.849999999999877, 0.0016568426973531407 
7.859999999999877, 0.001636397147428936 
7.869999999999877, 0.0016240754310838704 
7.879999999999876, 0.0016210193600064518 
7.889999999999876, 0.0016273674951767958 
7.899999999999876, 0.0016422619527972436 
7.909999999999876, 0.0016638941549242505 
7.919999999999876, 0.0016894483661539527 
7.929999999999875, 0.0017150922724125431 
7.939999999999875, 0.0017363467310400383 
7.949999999999875, 0.0017487869794134945 
7.959999999999875, 0.0017488668917879898 
7.9699999999998745, 0.0017347141947608466 
7.979999999999874, 0.0017063663506323113 
7.989999999999874, 0.0016658683125114323 
7.999999999999874, 0.0016170232928605492 
8.009999999999874, 0.0015646403685804905 
8.019999999999873, 0.0015137575261750893 
8.029999999999873, 0.0014689438687332814 
8.039999999999873, 0.0014336833787396142 
8.049999999999873, 0.0014099776351325088 
8.059999999999873, 0.0013984528665205859 
8.069999999999872, 0.0013983601646266094 
8.079999999999872, 0.0014078320030254821 
8.089999999999872, 0.0014243059952228293 
8.099999999999872, 0.0014446857076483017 
8.109999999999872, 0.0014658724552648816 
8.119999999999871, 0.0014849572568444932 
8.129999999999871, 0.0014995919237830583 
8.139999999999871, 0.0015081857313499051 
8.14999999999987, 0.0015102316161690957 
8.15999999999987, 0.0015063432893610978 
8.16999999999987, 0.001497802226457111 
8.17999999999987, 0.0014862595743324462 
8.18999999999987, 0.001473582983204974 
8.19999999999987, 0.0014616299976721633 
8.20999999999987, 0.0014518474287181433 
8.21999999999987, 0.0014455349599743154 
8.229999999999869, 0.0014439045520826105 
8.239999999999869, 0.0014475850764426217 
8.249999999999869, 0.0014563817430803198 
8.259999999999868, 0.0014693405136792684 
8.269999999999868, 0.0014852875173865748 
8.279999999999868, 0.0015030934986379092 
8.289999999999868, 0.0015217070438101876 
8.299999999999867, 0.00154050833829666 
8.309999999999867, 0.0015594322057893534 
8.319999999999867, 0.0015787973991659647 
8.329999999999867, 0.0015990823260510641 
8.339999999999867, 0.0016205677523430887 
8.349999999999866, 0.001643073849607128 
8.359999999999866, 0.0016659591543050731 
8.369999999999866, 0.0016882206074447655 
8.379999999999866, 0.001708557688528237 
8.389999999999866, 0.0017253771561576271 
8.399999999999865, 0.001736938803737011 
8.409999999999865, 0.001741415848213974 
8.419999999999865, 0.0017367684607596339 
8.429999999999865, 0.0017211355152000317 
8.439999999999864, 0.0016932351653683457 
8.449999999999864, 0.0016525256273632512 
8.459999999999864, 0.001599462802346338 
8.469999999999864, 0.001535830027284793 
8.479999999999864, 0.0014649168421297183 
8.489999999999863, 0.0013913884177952183 
8.499999999999863, 0.001320648353944804 
8.509999999999863, 0.0012583145375527152 
8.519999999999863, 0.0012095442419557633 
8.529999999999863, 0.0011783036298553707 
8.539999999999862, 0.0011666424048289215 
8.549999999999862, 0.0011740489362925884 
8.559999999999862, 0.0011976258155455169 
8.569999999999862, 0.0012327171267045368 
8.579999999999862, 0.0012734931534012874 
8.589999999999861, 0.0013138520789843376 
8.599999999999861, 0.0013485304077080849 
8.60999999999986, 0.0013737278621023697 
8.61999999999986, 0.0013871556149565923 
8.62999999999986, 0.0013883704300772127 
8.63999999999986, 0.0013787080441085076 
8.64999999999986, 0.0013611505732908217 
8.65999999999986, 0.0013398197891924463 
8.66999999999986, 0.0013192513123804043 
8.67999999999986, 0.001303773349531301 
8.68999999999986, 0.0012972026297777477 
8.699999999999859, 0.0013024939028179606 
8.709999999999859, 0.0013216488255130522 
8.719999999999859, 0.0013552374022543605 
8.729999999999858, 0.0014022501327517658 
8.739999999999858, 0.0014602717524708141 
8.749999999999858, 0.001525643082152276 
8.759999999999858, 0.0015938956734274433 
8.769999999999857, 0.0016600668811921225 
8.779999999999857, 0.0017190383088821514 
8.789999999999857, 0.0017659339859021732 
8.799999999999857, 0.0017965653077991104 
8.809999999999857, 0.0018077989506203862 
8.819999999999856, 0.0017977683042076963 
8.829999999999856, 0.0017660900554468829 
8.839999999999856, 0.001714079717765057 
8.849999999999856, 0.0016448564196847463 
8.859999999999856, 0.00156321264797429 
8.869999999999855, 0.0014752412867196883 
8.879999999999855, 0.0013876271394261644 
8.889999999999855, 0.001306818629207566 
8.899999999999855, 0.0012383471033936744 
8.909999999999854, 0.0011863582049832103 
8.919999999999854, 0.0011533644199397627 
8.929999999999854, 0.0011400945682834565 
8.939999999999854, 0.0011458401310780262 
8.949999999999854, 0.001168405150764014 
8.959999999999853, 0.0012039224984366035 
8.969999999999853, 0.001247206285328655 
8.979999999999853, 0.001292469662350257 
8.989999999999853, 0.0013345982865855895 
8.999999999999853, 0.0013702235752870173 
9.009999999999852, 0.0013984024402708972 
9.019999999999852, 0.0014203783593143863 
9.029999999999852, 0.001438804234786293 
9.039999999999852, 0.0014565841823666785 
9.049999999999851, 0.0014757765788788993 
9.059999999999851, 0.0014968966628282777 
9.069999999999851, 0.001518672932029208 
9.07999999999985, 0.0015386690082200686 
9.08999999999985, 0.0015539330322255076 
9.09999999999985, 0.0015616394519789017 
9.10999999999985, 0.0015598558533492712 
9.11999999999985, 0.0015482750277310265 
9.12999999999985, 0.0015285040826108728 
9.13999999999985, 0.001503938255320026 
9.14999999999985, 0.0014793159577067916 
9.15999999999985, 0.0014599037091125617 
9.169999999999849, 0.0014506392023504162 
9.179999999999849, 0.0014552214062505055 
9.189999999999849, 0.001475416598010479 
9.199999999999848, 0.0015107454257234755 
9.209999999999848, 0.0015584609321065846 
9.219999999999848, 0.001613940489920968 
9.229999999999848, 0.0016713764670318607 
9.239999999999847, 0.0017245285712963981 
9.249999999999847, 0.00176740315765722 
9.259999999999847, 0.0017951852367673695 
9.269999999999847, 0.0018048059418268733 
9.279999999999847, 0.001795168755992273 
9.289999999999846, 0.0017673253915557277 
9.299999999999846, 0.0017242045459402605 
9.309999999999846, 0.0016701056560482345 
9.319999999999846, 0.0016101598028152439 
9.329999999999846, 0.001549812843844553 
9.339999999999845, 0.0014940306632243428 
9.349999999999845, 0.001446769810470085 
9.359999999999845, 0.0014106924832696052 
9.369999999999845, 0.0013871821380980834 
9.379999999999844, 0.0013767599272053294 
9.389999999999844, 0.001379214686119885 
9.399999999999844, 0.0013938264203950778 
9.409999999999844, 0.0014192851787729016 
9.419999999999844, 0.0014536360419506232 
9.429999999999843, 0.0014946124972783563 
9.439999999999843, 0.001539894638353713 
9.449999999999843, 0.00158690156786099 
9.459999999999843, 0.0016330969859540642 
9.469999999999843, 0.0016760905305576088 
9.479999999999842, 0.00171375366973258 
9.489999999999842, 0.0017444858628593983 
9.499999999999842, 0.0017675521104749408 
9.509999999999842, 0.001783170421018416 
9.519999999999841, 0.0017924468694238132 
9.529999999999841, 0.0017972361411166887 
9.539999999999841, 0.0017999193352489426 
9.54999999999984, 0.0018031673499564302 
9.55999999999984, 0.0018094590811944696 
9.56999999999984, 0.0018205492251926305 
9.57999999999984, 0.001837050983964752 
9.58999999999984, 0.0018583034850188553 
9.59999999999984, 0.0018825765976019965 
9.60999999999984, 0.001907348413113563 
9.61999999999984, 0.0019299697612495852 
9.62999999999984, 0.0019482733912045331 
9.639999999999839, 0.0019607233270752607 
9.649999999999839, 0.001966448173661762 
9.659999999999838, 0.0019650905541663613 
9.669999999999838, 0.0019568206804218835 
9.679999999999838, 0.0019421070094276984 
9.689999999999838, 0.0019216139939478528 
9.699999999999838, 0.0018958502289549502 
9.709999999999837, 0.0018652450623758497 
9.719999999999837, 0.001830286876177364 
9.729999999999837, 0.0017913728303123842 
9.739999999999837, 0.0017489476627974945 
9.749999999999837, 0.0017036966182822082 
9.759999999999836, 0.001656513549321998 
9.769999999999836, 0.001608523533574785 
9.779999999999836, 0.0015615450940561885 
9.789999999999836, 0.001517892904224997 
9.799999999999836, 0.0014799497132367886 
9.809999999999835, 0.0014500104684244317 
9.819999999999835, 0.0014301346079469064 
9.829999999999835, 0.0014218690216960888 
9.839999999999835, 0.0014261383681158561 
9.849999999999834, 0.0014429673067586778 
9.859999999999834, 0.0014715623522958637 
9.869999999999834, 0.0015104847203407058 
9.879999999999834, 0.0015577908094401474 
9.889999999999834, 0.001611241566766089 
9.899999999999833, 0.0016685101703416217 
9.909999999999833, 0.0017272550458270483 
9.919999999999833, 0.001785215748411443 
9.929999999999833, 0.0018404778263191059 
9.939999999999833, 0.001891472940211674 
9.949999999999832, 0.0019371150657313575 
9.959999999999832, 0.0019768686995750634 
9.969999999999832, 0.0020104876557883126 
9.979999999999832, 0.00203785314600105 
9.989999999999831, 0.002058894583967179 
9.999999999999831, 0.0020733839939336687 
