Position, RDF(Position)
 0.031748021039363986 0.0 
 0.06349604207872797 0.0 
 0.09524406311809196 0.0 
 0.12699208415745594 0.0 
 0.15874010519681991 0.0 
 0.1904881262361839 0.0 
 0.2222361472755479 0.0 
 0.2539841683149119 0.0 
 0.28573218935427586 0.0 
 0.31748021039363983 0.0 
 0.34922823143300386 0.0 
 0.3809762524723678 0.0 
 0.4127242735117318 0.0 
 0.4444722945510958 0.0 
 0.4762203155904598 0.0 
 0.5079683366298238 0.0 
 0.5397163576691878 0.0 
 0.5714643787085517 0.0 
 0.6032123997479157 0.0 
 0.6349604207872797 0.0 
 0.6667084418266437 0.0 
 0.6984564628660077 0.0 
 0.7302044839053716 0.0 
 0.7619525049447357 0.0 
 0.7937005259840997 0.0 
 0.8254485470234636 0.0 
 0.8571965680628276 0.0 
 0.8889445891021917 0.0 
 0.9206926101415556 0.0 
 0.9524406311809196 0.0 
 0.9841886522202835 0.0 
 1.0159366732596475 0.0 
 1.0476846942990115 0.013415910391771247 
 1.0794327153383756 0.6067077684889447 
 1.1111807363777395 3.634528459670309 
 1.1429287574171034 4.812110934059315 
 1.1746767784564676 2.0998803211083956 
 1.2064247994958315 0.4077208792525774 
 1.2381728205351954 0.03213746456021991 
 1.2699208415745593 0.0022828010025998167 
 1.3016688626139234 0.0 
 1.3334168836532874 0.0 
 1.3651649046926513 0.0 
 1.3969129257320154 0.0 
 1.4286609467713793 0.0 
 1.4604089678107433 0.0006243432738478367 
 1.4921569888501074 0.012735119777947154 
 1.5239050098894713 0.13100471474730804 
 1.5556530309288352 0.5067973181203992 
 1.5874010519681994 0.8544320157747893 
 1.6191490730075633 0.01768770693483325 
 1.6508970940469272 0.0 
 1.6826451150862913 0.0 
 1.7143931361256552 0.0 
 1.7461411571650192 0.0 
 1.7778891782043833 0.0 
 1.8096371992437472 9.567543805058731e-05 
 1.8413852202831111 0.004643337480937729 
 1.873133241322475 0.11166828426660858 
 1.9048812623618392 0.8190236675143236 
 1.936629283401203 1.9170166247109313 
 1.968377304440567 1.0585581800618074 
 2.000125325479931 0.09124204218536375 
 2.031873346519295 0.0007778826554736748 
 2.063621367558659 0.0 
 2.095369388598023 0.0 
 2.127117409637387 8.6558670702372e-05 
 2.158865430676751 0.007209906722486337 
 2.190613451716115 0.11853544718125501 
 2.222361472755479 0.4380916168115671 
 2.254109493794843 0.195491097352135 
 2.285857514834207 0.0 
 2.3176055358735708 0.0 
 2.349353556912935 0.0 
 2.381101577952299 0.0 
 2.412849598991663 0.0 
 2.444597620031027 0.0 
 2.476345641070391 0.0 
 2.5080936621097547 0.0 
 2.5398416831491186 0.0 
 2.571589704188483 0.0 
 2.603337725227847 0.0 
 2.635085746267211 7.896452633127113e-05 
 2.6668337673065747 0.005000200970619543 
 2.6985817883459386 0.04943475065219167 
 2.7303298093853026 0.10028216640996367 
 2.762077830424667 0.014363801295371936 
 2.793825851464031 0.0 
 2.8255738725033948 0.0 
 2.8573218935427587 0.0 
 2.8890699145821226 0.0 
 2.9208179356214865 0.0 
 2.952565956660851 0.0 
 2.984313977700215 0.0 
 3.0160619987395787 0.0 
 3.0478100197789426 0.0 
 3.0795580408183065 0.0 
 3.1113060618576704 0.0 
 3.1430540828970344 0.0 
 3.1748021039363987 0.0 
